	UA	Faecalibacterium	Fusobacterium	Dialister	Blautia	Roseburia	Bifidobacterium	Alistipes	Ruminococcus	Enterobacter	Serratia	Lactobacillus	Rhodoferax	Anaerococcus	Turicibacter
C1	169	0.11229	0	0.04303	0.00494	0.00526	0.00296	0.00148	0.00328	0	0	0	0	0	0
C10	248	0.27733	0	0.03149	0.0759	0.00809	0.0598	0	0.00155	0	0	0	0	0	0
C100	282	0.1101	0.04042	0	0.00531	0.00527	0	0.00186	0	0	0	0	0	0	0
C101	302	0.33709	0.04555	0	0.00446	0.00483	0.00447	0	0	0	0	0	0	0	0
C102	327	0.0659	0	0	0.00338	0	0	0.00967	0	0.00624	0.01085	0	0	0	0
C103	297	0.12042	0	0	0.00394	0.00913	0.00149	0.00557	0.01185	0.00118	0	0	0	0	0
C104	199	0.15475	0	0	0.00855	0.01285	0.02412	0.00541	0	0.00167	0.00599	0	0	0	0
C105	290	0.06971	0	0.00101	0.00755	0.00696	0	0.02336	0.01821	0.00171	0	0	0	0	0
C106	291	0.21853	0.00323	0.05981	0.01008	0.00996	0.01637	0.00253	0.00184	0	0	0	0	0.00365	0
C107	324	0.24563	0	0	0.0184	0.01104	0.00861	0.00811	0.00201	0	0	0	0	0	0
C108	234	0.07764	0	0.04667	0.02272	0.01271	0.00148	0.00449	0.03293	0	0	0	0	0	0
C109	224	0.31579	0	0.02639	0.00356	0.00444	0.00655	0.00342	0.00119	0	0	0	0	0	0
C11	289	0.23384	0.00216	0	0.00416	0.00373	0	0	0.00111	0	0	0	0	0	0
C110	8.69	0.1924	0	0	0.00717	0.02263	0.00818	0.0024	0.00305	0	0	0	0	0	0
C111	162	0.04503	0	0	0.00813	0.01083	0	0.00646	0	0	0	0	0	0	0
C112	313	0.15083	0	0.04847	0.00738	0.00801	0	0.00698	0.00993	0	0	0	0	0.00205	0
C113	261	0.06594	0	0.04218	0.0032	0.00211	0.00124	0.00271	0	0	0	0	0	0	0
C114	259	0.34867	0	0.00322	0.01276	0.00617	0.02829	0.01458	0.00288	0	0	0	0	0	0
C115	282	0.05343	0.12773	0	0.00547	0.00366	0.00548	0	0	0	0	0	0.0022	0	0
C116	234	0.08394	0.05294	0	0.01675	0.00288	0.0055	0.00253	0	0	0	0	0	0	0
C117	260	0.08676	0	0.04394	0.0034	0.00498	0	0.00163	0	0.00179	0.00233	0	0	0	0
C118	342	0.23023	0	0.04739	0.00787	0.00678	0.01279	0.00198	0.00405	0	0	0	0	0	0
C119	338	0.01605	0	0	0.00202	0.00247	0	0.0013	0	0	0	0	0	0	0
C12	266	0.20854	0	0	0.0059	0.00935	0	0.01846	0.01716	0	0	0	0	0	0
C120	247	0.17654	0	0	0.0061	0.00689	0	0.00775	0	0	0	0	0	0	0
C121	292	0.14305	0	0	0.0088	0.0043	0	0.00919	0	0.00125	0	0	0	0	0
C122	297	0.06901	0	0.01869	0.01543	0.10019	0.00215	0.04909	0.005	0	0	0	0	0	0
C123	311	0.26865	0	0	0.04226	0.00381	0.00121	0.00332	0	0	0	0	0	0	0
C124	194	0.13147	0	0.02861	0.0016	0.00347	0.00155	0.00129	0.00198	0	0	0	0	0	0
C125	246	0.07218	0	0	0.00529	0.00393	0.00377	0.0144	0	0	0	0	0	0	0
C126	133	0.03572	0	0	0.02251	0.0088	0	0.00121	0	0	0.00213	0	0	0	0
C127	195	0.02609	0.57729	0	0.00496	0	0.00439	0	0	0	0	0	0	0	0.01791
C128	233	0.15972	0.00762	0.04721	0.01031	0.00668	0.00142	0	0.00154	0.00169	0	0	0.00159	0	0
C129	291	0.03618	0.00374	0.04827	0.00115	0.00348	0.00182	0.00174	0	0	0	0	0	0.0057	0
C13	297	0.14837	0	0	0.00337	0.00834	0.00191	0.0113	0	0	0	0	0	0	0
C130	161	0.04419	0	0.02055	0.00287	0.00143	0	0	0	0.01336	0.00502	0	0	0	0
C131	312	0.20115	0.00177	0	0.00638	0.00388	0.01493	0.00541	0	0	0	0	0	0	0
C132	260	0.12752	0	0	0.00393	0.01887	0.0012	0.0134	0.00716	0	0	0	0	0	0
C133	287	0.09001	0	0.02624	0.00629	0.00314	0.04411	0.00405	0	0.00294	0.00122	0	0	0	0
C134	248	0.07696	0	0.02453	0.01105	0.00994	0.20268	0.0037	0.03501	0.01028	0.00206	0	0	0	0
C135	282	0.07805	0	0	0.00582	0.00334	0	0.00782	0	0	0	0	0	0	0
C136	249	0.05965	0	0.03602	0.00418	0.00499	0.00446	0.00284	0	0	0	0	0	0	0
C137	222	0	0	0.02659	0.01155	0.00356	0.01836	0	0	0.01934	0.00205	0	0	0	0
C138	282	0.10249	0	0	0.05096	0.00639	0	0.04082	0.00114	0	0	0	0	0	0
C139	311	0.39021	0	0	0.00266	0.00832	0	0.00132	0.00434	0	0	0	0	0	0
C14	270	0.26971	0	0.01579	0.00796	0.00716	0.00475	0.002	0.00152	0	0	0	0	0	0
C140	301	0.09417	0.00425	0.01603	0.01002	0.01351	0.00633	0.01481	0.03924	0	0	0	0	0	0
C141	283	0.26027	0	0.00101	0.00428	0.00495	0	0.00309	0.00105	0	0	0	0	0	0
C142	288	0.15478	0	0.03632	0.00475	0.0057	0.0024	0.00144	0.00684	0.00305	0	0	0	0	0
C143	281	0.14627	0.03338	0	0.01897	0.00768	0.00156	0	0	0	0	0	0	0	0
C144	305	0.0464	0	0.05089	0.00166	0.00115	0.00352	0	0	0.06734	0.01348	0	0	0	0
C145	296	0.02917	0	0.00302	0.0103	0.00483	0	0.04198	0	0	0	0	0	0	0
C146	318	0.18466	0	0.01162	0.00495	0.00449	0	0	0	0	0	0	0	0.00418	0
C147	346	0.08961	0.00121	0	0.00699	0.00301	0.00309	0	0	0	0	0	0	0	0
C148	249	0.08675	0	0.03464	0.01824	0.05268	0.01768	0.00173	0	0	0	0	0	0	0
C149	348	0	0.02362	0	0.00416	0	0.08309	0	0	0	0.0022	0	0	0	0
C15	307	0.17777	0.00135	0	0.01401	0.00637	0.00215	0.00486	0	0.0012	0	0	0	0	0
C150	342	0	0	0.06739	0.00211	0	0	0	0	0.00207	0	0	0	0	0
C151	320	0.13477	0	0	0.008	0.01454	0	0.0124	0.00515	0	0	0	0	0	0
C152	292	0.37034	0	0	0.003	0.03185	0	0.00221	0	0	0	0	0	0	0
C153	173	0.18285	0	0	0.00665	0.00427	0	0.00476	0.00403	0	0	0	0	0	0
C154	279	0.10063	0.00273	0	0.00311	0.00481	0	0.00755	0	0.00399	0	0	0	0	0
C155	286	0.02108	0	0	0.00617	0.00341	0.002	0	0.00201	0	0	0	0	0	0
C156	232	0.05415	0	0.0594	0.01181	0.00621	0.01762	0	0	0	0	0	0	0	0
C157	280	0.04689	0	0	0.00972	0.00408	0	0.02174	0	0	0.00369	0	0	0	0
C158	300	0.15672	0.00216	0.03347	0.00618	0.0029	0	0.00185	0	0	0.00276	0	0	0	0
C159	213	0.15061	0	0	0.00569	0.00601	0.0061	0.00508	0	0.00108	0	0	0	0	0
C16	335	0.29824	0.02545	0	0.01422	0.00496	0.02638	0	0	0	0	0	0	0	0
C160	306	0.22095	0	0	0.00349	0.00727	0.00782	0.00355	0	0	0	0	0	0	0
C161	259	0.13511	0	0.03145	0.0016	0.0022	0.00317	0.00514	0	0	0	0	0	0	0
C162	12.38	0.0143	0	0.00202	0.00696	0	0	0.00506	0	0	0	0	0	0	0
C163	181	0	0	0.00205	0	0.00215	0.00391	0	0	0	0	0	0	0	0
C164	189	0.20059	0	0.02871	0.00839	0.00752	0.00764	0	0.00424	0	0	0	0	0	0
C165	339	0.18347	0.0928	0	0.00341	0.01048	0.00121	0.00148	0	0	0	0	0	0	0
C166	276	0.25325	0	0.04664	0.00463	0.00798	0.00495	0.00142	0.00496	0.00147	0	0	0	0	0
C167	217	0.06146	0	0.04831	0.00298	0.00938	0.01643	0.00152	0.00463	0	0	0	0	0	0
C168	262	0.16906	0	0.01895	0.00851	0.01014	0.01099	0.01098	0.00328	0	0.00203	0	0	0	0
C169	319	0.10331	0	0.0013	0.00307	0.00457	0	0	0	0	0	0.02141	0	0	0
C17	296	0.11207	0	0.005	0.00383	0.00405	0.00143	0.00397	0	0	0	0	0	0	0
C170	334	0.04193	0.00857	0	0.00198	0.00127	0	0	0.00512	0.00654	0.00526	0	0	0	0
C171	233	0.03586	0	0	0.00556	0.00566	0	0.0033	0.00376	0.00655	0	0	0	0	0
C172	215	0.1701	0.00878	0.05183	0.00637	0.0117	0	0.00361	0.01089	0	0	0	0.00195	0	0
C173	327	0.15504	0	0.06235	0.00384	0.00549	0.01081	0.00475	0.00387	0	0	0	0	0	0
C174	216	0.25699	0	0.04618	0.0083	0.008	0.00861	0.01246	0.00379	0	0	0	0	0	0
C175	327	0.01316	0	0.07466	0.01623	0.02383	0	0	0.0091	0	0	0	0	0	0
C176	198	0.04061	0	0.02675	0.004	0.00534	0	0	0.00278	0.03034	0.00408	0	0	0	0
C177	237	0.02813	0	0.00302	0.00173	0.0031	0	0	0	0.07476	0.0118	0	0	0	0
C178	297	0.13445	0.00106	0	0.00527	0.00437	0	0.00131	0	0	0	0	0	0	0
C179	307	0.06879	0	0	0.00393	0.00482	0	0.00403	0	0.01094	0.00539	0	0.00122	0	0
C18	264	0.09832	0	0.04559	0.00499	0.00208	0.00911	0.00118	0	0.0053	0.00117	0	0	0	0
C180	290	0.22466	0.0106	0.0065	0.00676	0.00248	0.0033	0.00332	0	0.00715	0.00316	0	0	0.00394	0
C181	337	0.11009	0.0595	0.00353	0.00489	0.00318	0.0026	0.00226	0.00258	0	0	0	0	0	0
C182	311	0.17	0	0	0.00438	0.00556	0	0.00143	0	0	0	0	0	0	0
C183	305	0.12601	0	0.02976	0.02482	0.01769	0.00131	0.04286	0.02232	0.00112	0	0	0	0	0
C184	277	0.14198	0	0	0.00437	0.00437	0	0.00737	0.01127	0	0	0	0	0	0
C185	268	0.15366	0	0	0.00614	0.14844	0.00346	0	0	0.00521	0.00938	0	0	0	0
C186	257	0.09965	0	0	0.00464	0.00553	0	0.00629	0.00339	0	0	0	0	0	0
C187	262	0.00589	0.0107	0.00807	0.02039	0.02913	0	0	0	0	0	0	0	0	0
C188	234	0.04582	0	0.03713	0.00629	0.00549	0.0078	0.01119	0	0	0	0.00299	0	0	0
C189	281	0.12179	0	0	0.00404	0.00492	0.03672	0	0	0	0	0.00538	0	0	0
C19	256	0.09542	0	0.03709	0.00704	0.00258	0	0.0068	0	0	0	0	0	0	0
C190	220	0.05131	0	0	0.00954	0.00339	0	0	0	0	0	0	0	0	0
C191	259	0.36512	0	0.00746	0.00584	0.0113	0.00875	0.00671	0.00656	0	0	0	0	0	0
C192	320	0.21017	0	0.03501	0.00426	0.00433	0.00237	0.00755	0.01192	0	0	0	0	0	0
C193	330	0.26057	0	0.03303	0.00606	0.04688	0.01204	0.02028	0.03287	0	0	0	0	0	0
C194	332	0.02697	0	0.02882	0.00161	0.00196	0	0	0	0	0	0	0	0	0
C195	317	0.06753	0	0.03697	0.00525	0.0048	0	0.0079	0.0015	0.00104	0	0	0	0	0
C2	349	0.00101	0.01689	0.0019	0.01374	0.00244	0	0	0	0	0	0	0	0.00224	0
C20	277	0.1089	0	0.01894	0.00514	0.0092	0.00213	0.00537	0.00113	0	0	0	0	0	0
C21	326	0.05556	0	0.02827	0.02389	0	0	0.00178	0	0	0	0	0	0	0
C22	306	0.1141	0	0	0.00603	0.00851	0	0.00288	0.00129	0	0	0	0	0	0
C23	319	0.0267	0	0.00345	0.00141	0	0.02714	0	0	0	0	0	0.00134	0	0
C24	275	0.12598	0	0.02981	0.00236	0.00562	0.00478	0.00679	0.00385	0	0	0	0	0	0
C25	343	0.17929	0	0	0.02774	0.0897	0.01365	0.00261	0	0	0	0	0	0	0
C26	298	0.18617	0	0	0.0085	0.00481	0.00135	0.00122	0	0	0	0	0	0	0
C27	250	0.03202	0	0	0.00325	0.00323	0	0.00139	0.00148	0	0	0	0	0	0
C28	307	0.23182	0	0	0.00951	0.01966	0.02646	0.01011	0.00197	0	0	0	0	0	0
C29	294	0.13927	0	0.03478	0.00692	0.0088	0.00499	0.00117	0.00717	0	0	0	0	0	0
C3	183	0.14455	0	0	0.0044	0.00208	0	0.00969	0.0012	0	0	0	0	0	0
C30	262	0.31132	0	0	0.00357	0.00665	0.01821	0.0286	0.0051	0	0	0	0	0	0
C31	345	0.22565	0	0	0.00363	0.00625	0	0.00448	0	0	0	0	0	0	0
C32	314	0.21902	0	0.04573	0.00336	0.00772	0.0157	0.01604	0.00249	0	0	0	0	0	0
C33	291	0.12763	0	0	0.00482	0.00294	0	0.00313	0.01218	0	0	0	0.00114	0	0
C34	345	0	0	0.05384	0.00572	0	0.00296	0	0	0	0	0	0	0	0
C35	231	0.31852	0.00258	0	0.01327	0.00194	0	0	0	0	0	0	0	0	0
C36	349	0.24849	0	0	0.01061	0.01126	0.00785	0.00953	0	0	0	0	0	0	0
C37	332	0.28124	0	0	0.00638	0.00599	0	0.00237	0	0	0	0	0	0	0
C38	332	0.14624	0	0.0453	0.00735	0	0	0	0	0	0	0	0	0	0
C39	287	0.10435	0.03106	0.01086	0.00413	0.00569	0.00346	0	0	0	0	0.0471	0.00284	0.01788	0
C4	303	0.27452	0	0	0.00617	0.039	0.00274	0	0	0	0	0	0	0	0
C40	301	0.15414	0	0	0.00434	0.00328	0.0235	0.02438	0.00272	0	0	0	0	0	0
C41	290	0.00437	0.06244	0.00256	0	0	0	0	0	0.02588	0.00516	0	0	0	0
C42	290	0.09594	0	0.00141	0.00263	0.00515	0	0.00143	0	0	0	0	0	0	0
C43	290	0.15231	0	0	0.01146	0.00702	0.00347	0.02095	0.00131	0	0	0	0	0	0
C44	243	0.2314	0	0	0.0028	0.00334	0.01244	0.00924	0.00176	0	0	0	0	0	0
C45	317	0.08503	0.00265	0	0.00493	0.00344	0.00152	0.00266	0.00192	0	0	0	0	0	0
C46	304	0.04658	0.00845	0	0.01909	0.00567	0.00242	0.02279	0	0	0	0	0	0	0
C47	242	0.04935	0	0.0377	0.00176	0.0033	0	0.00181	0	0	0	0	0	0	0
C48	317	0.21109	0	0.01318	0.00556	0.0109	0.01	0	0.01217	0	0	0	0	0	0
C49	290	0.12727	0	0.02865	0.00639	0.00463	0.00134	0.00132	0	0	0	0.01364	0	0	0
C5	320	0.09308	0	0	0.0025	0.0023	0	0.00124	0.01028	0	0	0	0	0	0
C50	345	0.14119	0	0	0.00235	0.00343	0	0	0	0	0	0	0.00109	0	0
C51	291	0.14731	0	0	0.00479	0.00545	0.01352	0.01448	0.01906	0	0	0	0	0	0
C52	180	0.0167	0.00153	0.03314	0.00733	0.00941	0	0	0	0	0	0	0	0	0
C53	280	0.40245	0.03903	0.02511	0.00782	0.01912	0.00249	0.0021	0.00411	0	0	0	0	0	0
C54	286	0.03489	0	0	0.0089	0.00731	0.01231	0.00623	0.00399	0	0	0	0	0	0
C55	241	0.15585	0.00362	0	0.02115	0.0036	0	0.00856	0	0	0	0	0	0	0
C56	315	0.00587	0.08974	0.01393	0.0024	0.00371	0	0.00193	0	0	0	0	0	0	0
C57	183	0.15734	0	0	0.00322	0.00773	0	0.02257	0	0	0	0	0	0	0
C58	267	0.11033	0	0	0.00534	0.00725	0	0.00181	0	0	0	0	0	0	0
C59	304	0.09331	0	0	0.00332	0.01605	0.00124	0.0106	0	0	0	0	0	0	0
C6	227	0.08808	0	0.00117	0.00787	0	0.00436	0.00266	0	0	0	0	0	0	0
C60	317	0.1573	0	0	0.00507	0.01187	0.00986	0.01008	0.00118	0	0	0	0.00137	0	0
C61	298	0.00127	0	0.00639	0.01535	0.00525	0.00123	0	0	0	0	0	0	0	0
C62	276	0.15008	0	0	0.00613	0.00429	0.00289	0.00934	0	0	0	0	0	0	0
C63	312	0.17953	0	0.00149	0.00936	0.00878	0.00582	0.02476	0.01575	0	0	0	0	0	0
C64	339	0.12427	0	0.01516	0.00924	0.02465	0	0.02099	0.00192	0	0	0	0	0	0
C65	314	0.19164	0	0	0.00252	0.0083	0	0.00172	0	0	0	0	0	0	0
C66	290	0.11333	0	0.01137	0.01039	0.01687	0.00123	0	0	0.00123	0.00214	0	0	0	0
C67	317	0.03799	0.02721	0	0.01131	0.00101	0	0.01191	0	0	0	0	0	0	0
C68	292	0.09131	0	0	0.01465	0.00102	0.0204	0.00704	0	0	0	0	0.00309	0	0
C69	333	0.23643	0	0.03254	0.01198	0.009	0.0128	0.00201	0.00849	0	0	0	0	0	0
C7	259	0.13059	0	0	0.01288	0.00748	0	0.00344	0	0	0	0	0	0	0
C70	196	0.27046	0	0	0.01662	0.01137	0	0	0	0	0	0	0	0	0
C71	276	0.07366	0	0	0.01209	0.00501	0	0.00437	0.00182	0	0	0	0	0	0
C72	288	0.08729	0	0.06882	0.0153	0.01529	0	0.02688	0.00188	0	0	0	0	0	0
C73	275	0.08017	0	0	0.00961	0.00974	0	0.00553	0.00208	0	0	0	0	0	0
C74	302	0.06208	0	0	0.00549	0.00538	0.01724	0.00662	0	0	0	0	0	0	0
C75	341	0.16563	0	0.03847	0.00653	0.00818	0.00993	0.00404	0.00841	0	0	0.00466	0	0	0
C76	322	0.03604	0.02128	0.05093	0.00403	0.0062	0	0.00154	0.00704	0	0	0	0	0	0
C77	317	0.13622	0	0.001	0.00698	0.00594	0.01104	0	0	0	0	0	0	0	0
C78	334	0.17574	0.00278	0	0.03016	0.00603	0.00387	0.01323	0.00286	0	0	0	0	0	0
C79	292	0.21644	0.00101	0.03364	0.02109	0.01007	0.04695	0.00394	0.04738	0	0	0	0	0	0
C8	302	0.23551	0	0	0.00442	0.00496	0.00323	0.00866	0.00158	0	0	0	0	0	0
C80	287	0.14828	0	0.03399	0.00349	0.00393	0	0.00171	0.00136	0	0	0	0	0	0
C81	292	0.06714	0	0.00119	0.00289	0.00263	0	0.00274	0	0	0	0	0	0	0
C82	322	0.41435	0.00109	0	0.00639	0.00435	0.00746	0	0	0	0	0	0	0	0
C83	283	0.10913	0	0.01461	0.00141	0.00225	0	0.00189	0	0	0	0	0	0	0
C84	232	0.01201	0	0	0.00378	0.00718	0.0045	0	0	0	0	0	0.00132	0	0
C85	319	0.22684	0	0.00114	0.00514	0.02164	0.00443	0.01047	0.04987	0.00162	0	0	0	0	0
C86	322	0.03145	0	0	0.00886	0.01177	0.06669	0	0.00107	0.04245	0.00641	0	0	0	0
C87	231	0.09965	0	0	0.0118	0.01863	0	0.00217	0	0	0.0025	0	0	0	0
C88	289	0.29283	0.01199	0.00234	0.01523	0.00502	0.00219	0.00126	0	0	0	0	0	0	0
C89	253	0.15246	0	0	0.01772	0.01351	0.00977	0.00233	0	0	0	0	0	0	0
C9	288	0.13408	0	0	0.00893	0.01343	0.05498	0	0	0.00175	0.00288	0	0	0	0
C90	325	0.15308	0	0	0.00709	0.0069	0.00185	0.00328	0	0	0	0	0	0	0
C91	184	0.02102	0	0.00485	0.00708	0.02037	0.05266	0	0	0.00224	0.00299	0	0	0	0
C92	298	0.06283	0	0.04884	0.01871	0.02215	0.01482	0.00355	0.00391	0	0	0	0	0	0
C93	346	0.16941	0.00272	0.05762	0.01384	0.01137	0	0	0	0	0	0.00169	0	0.00259	0
C94	312	0.12285	0	0	0.01583	0.10107	0.00184	0.01425	0	0	0	0	0	0	0
C95	235	0.20981	0	0	0.00649	0.00799	0	0	0	0	0	0	0	0	0
C96	340	0.01509	0	0.0056	0.01455	0.00341	0.00693	0	0	0.00326	0.0012	0	0	0	0
C97	268	0.02826	0	0	0.00168	0.00185	0.00143	0	0	0	0	0	0	0	0
C98	334	0.13532	0	0.04627	0.00329	0.00422	0.00197	0	0	0	0	0	0	0	0
C99	329	0.16405	0	0	0.00824	0.00561	0.00293	0.01447	0.07066	0.00249	0	0	0	0	0
D1	418	0.16267	0	0.0055	0.00957	0.01161	0.00757	0	0.00143	0	0	0	0	0	0
D10	407	0.17909	0	0.02171	0.00945	0.0087	0.0045	0.0066	0.0095	0.00524	0.00128	0	0	0	0
D11	416	0.35235	0.00389	0	0.00921	0.0128	0	0.01306	0.00237	0	0	0	0	0	0
D12	385	0.07385	0	0	0.00295	0.00483	0	0	0	0	0	0	0	0	0
D13	396	0.28312	0	0.06296	0.00404	0.0049	0.00112	0	0	0	0	0	0	0	0
D14	412	0.03934	0	0.13025	0.01721	0.00205	0	0	0	0	0	0	0	0	0
D15	354	0.06054	0	0	0.00596	0.02526	0	0	0	0	0	0	0	0	0.00152
D16	351	0.23676	0	0	0.00375	0.00695	0.00347	0.00244	0	0	0	0	0	0	0
D17	451	0.14551	0	0	0.01211	0.0166	0	0.00728	0.00487	0	0	0	0	0	0
D18	365	0.14484	0	0	0.00383	0.00213	0	0.00371	0.00576	0	0	0	0.00249	0	0
D19	548	0.08648	0	0	0.01148	0.00751	0	0.00276	0.0015	0	0	0	0	0	0
D2	355	0.35407	0	0	0.01325	0.01001	0.01865	0	0	0	0	0	0	0	0
D20	549	0.17922	0	0	0.00755	0.00546	0.01543	0	0	0	0	0	0	0	0
D21	515	0.26489	0	0.01457	0.00819	0.01705	0.00812	0.00494	0.00446	0.00114	0	0	0	0	0
D22	460	0.01239	0.39591	0.01847	0.00602	0.00116	0.00775	0	0	0	0	0	0	0	0
D23	396	0.00397	0.0205	0.08301	0.0045	0.00376	0.00308	0	0	0	0	0	0.00366	0	0
D24	410	0.04593	0	0	0.00426	0.00267	0	0	0	0	0	0	0	0	0
D25	357	0.10137	0.02421	0	0.00948	0.00506	0	0.00652	0	0.01238	0.01609	0	0	0	0
D26	376	0.16896	0	0.03896	0.00158	0.00367	0.05026	0	0	0	0	0	0	0	0
D27	412	0.05674	0	0	0.0045	0.00269	0	0.02567	0.00419	0	0	0	0	0	0
D28	351	0.05588	0	0.00277	0.00452	0.03091	0.04087	0	0	0	0	0.0215	0	0.0205	0.00579
D29	364	0	0.2874	0	0.00106	0	0	0	0	0	0.00436	0	0.00172	0	0
D3	377	0.29138	0	0.01425	0.01082	0.00746	0.00238	0.01019	0.02658	0	0	0	0	0	0
D30	388	0.01116	0	0	0.00357	0.00126	0.00102	0	0	0	0	0	0	0	0
D31	469	0	0	0.00125	0.00259	0	0	0	0	0	0.00497	0	0	0	0
D32	418	0.27243	0	0	0.00839	0.0093	0.02685	0.00988	0.00423	0	0	0	0.00237	0	0
D33	366	0.06753	0	0	0.00526	0.01657	0	0	0.00228	0	0	0	0	0	0
D34	776	0	0.04974	0	0	0	0	0	0	0.02313	0.00214	0	0	0	0
D35	363	0.05406	0	0	0.00463	0.00272	0.00106	0.00378	0	0.0014	0	0	0.00136	0	0
D36	392	0.11928	0	0.05069	0.00559	0.00265	0	0.00926	0.00142	0	0	0	0	0	0
D37	361	0.16216	0	0.00448	0.01246	0.00646	0.00145	0.01297	0	0	0	0	0	0	0
D38	423	0.16589	0.00314	0	0	0.00275	0	0.00429	0	0	0	0	0	0	0
D39	413	0	0	0	0.02731	0.00215	0.00336	0	0	0	0	0.001	0	0	0
D4	366	0.19271	0.00223	0	0.00214	0.00199	0	0.00754	0.00154	0	0	0	0.00116	0	0
D40	434	0.02348	0.02125	0.0114	0.00864	0.00599	0.01331	0.00892	0.03738	0.00305	0	0	0	0	0
D41	372	0.18803	0	0	0.00398	0.0072	0.00126	0.00108	0	0.00159	0	0	0	0	0
D42	352	0.17456	0	0	0.00559	0.00798	0	0.01713	0	0	0	0	0	0	0
D43	363	0.06514	0	0.02824	0.00632	0.00228	0.01174	0	0	0	0	0	0	0	0
D44	438	0.28874	0.00374	0.06103	0.0062	0.0077	0.00885	0	0	0	0	0	0	0	0
D45	446	0.08065	0	0.04373	0.00242	0.00184	0	0.00465	0.00188	0	0	0.00161	0	0	0
D46	355	0.28705	0	0.0153	0.00409	0.00604	0.03636	0	0.00482	0	0	0	0	0	0
D47	403	0.07368	0.00307	0.03721	0.00131	0	0	0	0	0	0	0	0	0	0
D48	446	0.13758	0	0	0.0057	0.01349	0.00185	0	0	0	0	0	0	0	0
D49	414	0.2079	0	0	0.00191	0.0012	0.00119	0	0	0	0	0	0	0	0
D5	520	0.06371	0.0072	0	0.00639	0.00221	0.0071	0	0	0	0	0	0	0	0.001
D50	368	0.13825	0	0.06109	0.0058	0.00523	0.00103	0.00535	0.00121	0	0	0	0	0	0
D51	487	0.07851	0	0	0.00427	0.01122	0	0.00112	0	0.00191	0.00233	0	0	0	0
D52	417	0.19939	0	0	0.02117	0.00469	0	0.00549	0.00182	0	0	0	0.00194	0	0
D53	442	0.30152	0	0.02222	0.00355	0.01063	0.00525	0.00465	0.00148	0	0	0	0	0	0
D54	400	0.01281	0.00103	0.0558	0.00194	0.00155	0	0	0	0.00126	0	0	0	0	0
D55	365	0.08854	0	0.02303	0.00293	0.00372	0.00298	0	0	0	0	0	0	0	0
D56	377	0.08466	0	0.0265	0.00917	0.00362	0.04369	0.00772	0	0	0	0	0	0	0
D57	452	0	0	0.00527	0.00288	0	0.00157	0	0	0.02484	0.004	0	0	0	0
D58	499	0.23474	0	0	0.00437	0.00501	0	0.00101	0	0	0	0	0	0	0
D59	550	0.11787	0	0	0.00564	0.0066	0	0.00492	0.01203	0	0	0	0	0	0
D6	527	0.2053	0	0.00128	0.00521	0.00546	0.00443	0.00766	0.00355	0	0	0	0.00173	0	0
D60	355	0.19343	0	0.07265	0.01308	0.01377	0.01032	0.02169	0.02702	0	0.00103	0	0	0	0
D61	542	0.00273	0	0	0.00113	0	0.00133	0.00194	0	0	0	0	0	0	0
D62	357	0.04993	0	0.04989	0.00213	0.00349	0	0	0	0	0	0	0.00115	0	0
D63	356	0.08685	0	0	0.00359	0.00295	0	0.0034	0	0	0	0	0	0	0
D64	578	0.00198	0	0	0.00395	0.00158	0.00384	0.00135	0	0	0	0	0	0	0
D65	509	0.01543	0	0.0034	0.01462	0.00656	0	0	0.00102	0	0.00116	0.0014	0	0	0
D66	474	0.02824	0.00155	0.04101	0.0136	0.00854	0.09898	0.01096	0	0	0	0	0.00131	0	0
D67	420	0.22184	0	0.02222	0.00449	0.00247	0.00234	0.0036	0	0	0	0	0	0	0
D68	380	0.4326	0	0.03628	0.01254	0.00697	0	0.00178	0.00818	0	0	0	0	0	0
D69	371	0.00155	0	0	0.00698	0	0.00428	0	0	0	0	0	0.00105	0	0
D7	394	0.11199	0	0.01388	0.00455	0.00194	0.00538	0.00232	0.001	0	0	0	0	0	0
D70	366	0.17036	0	0	0.00184	0.00308	0	0	0	0	0	0	0	0	0
D71	381	0.08997	0	0.04603	0.03167	0.00388	0.00859	0.04363	0.00203	0.00116	0	0	0	0	0
D72	516	0.00152	0.01738	0.00242	0.00152	0.00465	0	0	0	0	0	0	0	0	0
D73	361	0.25092	0	0	0.0035	0.00906	0	0.00562	0.00475	0	0	0	0	0	0
D74	353	0.28824	0	0	0.03111	0.04621	0.03391	0	0.00499	0.00253	0	0	0	0	0
D75	355	0.06902	0.00395	0	0.00371	0.00327	0	0.00132	0	0	0	0	0	0	0
D8	425	0.06256	0	0.05995	0.00154	0.00164	0	0.00497	0.00275	0	0	0	0	0	0
D9	357	0.1841	0	0	0.00386	0.00434	0.00183	0	0	0	0	0.00179	0	0	0
