	Faecalibacterium	Fusobacterium	Dialister	Blautia	Roseburia	Bifidobacterium	Alistipes	Ruminococcus	Enterobacter	Serratia	Lactobacillus	Rhodoferax	Anaerococcus	Turicibacter
A1	0.09439	0	0.04486	0.00167	0.00229	0	0.00315	0.00505	0	0	0	0	0	0
A2	0.02333	0.00735	0	0.00476	0.00261	0.00118	0.00678	0	0	0	0	0	0	0
A3	0.09186	0	0.03433	0.00153	0.00293	0.00201	0	0	0	0	0	0	0	0
A4	0.03432	0.03728	0	0.01783	0	0	0.0064	0	0	0	0	0	0	0
A5	0.07725	0	0.07569	0.00308	0.00651	0	0.00312	0.00124	0	0	0	0	0	0
A6	0.09497	0	0	0.00133	0.00319	0	0.0024	0.00122	0	0	0	0	0	0
A7	0.14379	0.00134	0	0.0093	0.00455	0.00494	0.01118	0.00404	0	0	0	0	0	0
A8	0.03043	0	0.07006	0.00105	0.00206	0	0.00331	0	0	0	0	0	0	0
A9	0.11466	0	0.0025	0.02102	0.0145	0.03608	0	0	0	0	0	0	0	0
A10	0	0	0	0.0076	0.00191	0	0	0	0	0	0	0	0	0
A11	0.14631	0	0	0.00178	0.00182	0	0.00864	0	0.00156	0	0	0	0	0
A12	0.35194	0	0	0.00373	0.00587	0.00434	0	0	0	0	0	0	0	0
A13	0.12085	0.00303	0.03311	0.00235	0.0044	0	0.00234	0.00226	0	0	0	0	0	0
A14	0.30912	0	0.04529	0.00889	0.00561	0.00395	0.00278	0	0	0	0	0	0	0
A15	0.33515	0	0	0.02238	0.00686	0.02157	0.01085	0.05865	0	0	0	0	0	0
A16	0.00125	0.05806	0	0.00483	0.00124	0.00425	0	0	0	0	0	0	0	0
A17	0.12257	0.04498	0	0.00491	0.00742	0.00122	0.01402	0	0	0	0	0	0	0
A18	0.04631	0	0	0.00484	0.00231	0	0	0	0.00128	0	0	0	0	0
A19	0.06097	0	0.00973	0.00106	0.00183	0	0.01008	0	0	0	0	0	0	0
A20	0.14218	0	0	0.03585	0.02081	0.00614	0.01723	0.02242	0	0	0	0	0	0
A21	0.16784	0	0	0.00239	0.0075	0.00512	0	0	0	0	0	0	0	0
A22	0.19132	0	0	0.00438	0.00479	0	0.00557	0	0	0.00221	0	0	0	0
A23	0.12227	0.01324	0	0.00219	0.00328	0	0.00117	0	0	0	0	0	0	0
A24	0.21418	0.00386	0	0.01188	0.00223	0.00665	0.00331	0	0	0	0	0	0	0
A25	0.0016	0.18772	0	0.00762	0.00369	0	0.00344	0	0	0	0	0	0	0
A26	0.25656	0	0	0.00795	0.01146	0.01364	0.01293	0.0072	0	0	0	0	0	0
A27	0.12188	0	0	0.00515	0.00986	0.00109	0.00856	0.00189	0	0	0	0	0	0
A28	0.20568	0	0.00459	0.0053	0.00798	0	0.00385	0.00159	0	0	0	0	0	0
A29	0	0	0.00938	0.00412	0	0.00809	0	0	0	0	0	0	0	0
A30	0.21973	0.00346	0	0.00767	0.01445	0	0	0	0	0	0	0	0	0
A31	0.08176	0	0.03422	0.00382	0.00304	0	0.00413	0	0	0	0	0	0	0
A32	0.20973	0.0063	0	0.0036	0	0	0.00671	0	0	0	0	0	0	0
A33	0.15091	0	0	0.00182	0.00357	0	0.00119	0	0.00872	0.00183	0	0	0	0
A34	0.05086	0	0	0.0122	0.00534	0.00171	0.00229	0.00256	0	0	0	0	0	0
A35	0.01869	0	0	0.00327	0.00434	0.00108	0	0	0	0	0	0.00468	0	0
A36	0.13265	0.02221	0	0.01085	0.00904	0	0.01426	0.01665	0	0	0	0	0	0
A37	0.10138	0.10816	0	0.00511	0.0026	0.00141	0.0018	0	0	0.00123	0	0	0	0
A38	0.14889	0	0	0.00607	0.00625	0	0.0074	0.00441	0	0	0	0	0	0
A39	0.12171	0.16004	0	0.00385	0.0013	0	0.00178	0	0	0	0	0	0	0
A40	0.06487	0.00489	0	0.00321	0.00413	0	0.00248	0	0.00542	0.00102	0	0	0	0
A41	0.02236	0	0.06829	0.00332	0.00205	0	0	0	0	0	0	0	0	0
A42	0.10629	0.00663	0	0.00371	0.00788	0	0.00182	0	0	0	0	0	0	0
A43	0.28736	0	0	0.00328	0	0	0.00247	0	0	0	0	0	0	0
A44	0.06628	0.02285	0.05158	0.00357	0.00598	0.00277	0	0.00122	0.00933	0.00281	0	0	0	0
A45	0.12332	0	0	0.00648	0.01086	0.00249	0.00495	0	0	0	0	0	0	0
A46	0.19053	0	0.01831	0.00364	0.00413	0.00419	0	0	0	0	0	0	0	0
A47	0.02884	0	0	0	0	0	0.00113	0	0	0	0	0.00106	0	0
A48	0.00448	0.00296	0	0.00174	0	0	0	0	0	0	0	0.00118	0	0
A49	0.10051	0	0.05931	0.0064	0.00712	0	0.00946	0.01507	0	0	0	0.00162	0	0
A50	0	0.16121	0	0.00148	0.00112	0	0	0	0.00187	0.00186	0	0	0	0
A51	0.11515	0	0.07217	0.02875	0.01825	0.00669	0.0042	0	0	0	0	0	0	0
A52	0.06003	0	0.01931	0.00652	0.01403	0	0.00976	0.0017	0	0.00122	0	0	0	0
A53	0.11991	0	0	0.00407	0.00493	0.07094	0.0168	0.00147	0	0	0	0	0	0
A54	0.15338	0	0	0.00394	0.00293	0	0.00506	0	0	0.00111	0	0	0	0
A55	0.18391	0	0	0.00361	0.00976	0	0.00208	0	0	0	0	0	0	0
A56	0.13756	0	0	0.00854	0.00602	0	0.00822	0.00951	0	0	0	0	0	0
A57	0.06727	0	0.0338	0.00532	0.00449	0	0.01871	0	0.00654	0	0	0	0	0
A58	0.10269	0	0	0.0048	0.00501	0	0.0027	0.0031	0	0	0	0	0	0
A59	0.15048	0	0	0.0136	0.00967	0.00829	0.00713	0.0021	0	0	0	0	0	0
A60	0.08522	0.03438	0	0.00748	0.00271	0	0.01136	0.00346	0	0	0	0	0	0
A61	0.14687	0.00478	0	0.01057	0.00764	0	0.00189	0	0	0	0	0	0	0
A62	0.01721	0	0	0.00508	0.00325	0	0.04579	0.00106	0	0	0	0	0	0
A63	0.25515	0.00217	0.01578	0.01688	0.02066	0.03962	0.00545	0.00671	0	0	0	0	0	0
A64	0.04365	0	0.01755	0	0	0.00396	0	0	0.00397	0	0	0	0	0
A65	0.03789	0.03907	0	0.0117	0.00423	0	0.01065	0	0	0	0	0	0	0
A66	0.15051	0	0	0.01835	0.00219	0.00184	0	0	0.04798	0.01018	0	0	0	0
A67	0.0681	0	0	0.00837	0.00475	0.00417	0.02077	0.01094	0	0	0	0	0	0
A68	0.00287	0.01435	0	0	0.00102	0.00105	0	0	0	0	0	0	0	0
A69	0.07426	0	0.00317	0.00843	0.025	0.0158	0	0	0	0.00118	0	0	0	0
A70	0.15004	0	0.02952	0.00373	0.00459	0	0.00281	0.00133	0	0	0	0	0	0
A71	0.13422	0	0.00497	0.00498	0.00257	0.00159	0.00236	0	0.004	0.00303	0	0	0	0
A72	0	0	0	0.00957	0.00566	0	0	0	0	0	0	0	0	0
A73	0.24776	0	0	0.00768	0.00967	0	0.00712	0	0	0	0	0.001	0	0
A74	0.20895	0	0	0.00483	0.01749	0.00162	0.00634	0	0	0	0	0	0	0
A75	0.16947	0	0	0.0061	0.00132	0.00859	0	0	0.00136	0	0	0	0	0
A76	0.02754	0	0	0.01784	0.0074	0.00919	0.00801	0	0	0	0	0	0	0
A77	0.14913	0.00196	0	0.00362	0.00462	0.00132	0.00264	0	0	0	0	0	0	0.03942
A78	0.21803	0	0.00116	0.00766	0.00403	0	0.01825	0.00108	0	0	0	0	0	0
A79	0.10805	0	0.00328	0.01218	0.01192	0.00549	0.00127	0	0	0	0	0	0	0
A80	0.04622	0	0	0.00466	0.00314	0	0.00526	0	0.00125	0	0	0	0	0
A81	0.14041	0.00127	0	0.0029	0.00599	0.00151	0	0	0.0095	0.001	0	0	0	0
A82	0.16935	0	0.04562	0.01482	0.00399	0.01361	0	0	0	0	0	0	0	0
A83	0.19013	0	0	0.00404	0.00411	0	0.0043	0	0.00239	0	0	0	0	0
A84	0.12678	0	0	0.00453	0.00394	0	0.0025	0.00384	0.0031	0.00192	0	0	0	0
A85	0	0.03577	0	0.00276	0.0012	0.00276	0	0	0	0.00472	0	0	0	0
A86	0.09963	0	0	0.00668	0.00905	0.00461	0.01671	0.00445	0	0.0054	0	0	0	0
A87	0.01075	0	0	0.00106	0	0	0.00298	0	0.00115	0.00115	0	0	0	0
A88	0.16076	0	0	0.02185	0.00382	0.01607	0	0	0	0	0	0	0	0
A89	0.054	0	0	0.00549	0.00705	0	0	0	0	0.00202	0	0	0	0
A90	0.16776	0	0	0.00865	0.00311	0	0.01728	0	0	0	0	0	0	0
A91	0.01835	0.37704	0	0	0.00182	0	0	0	0.00453	0.00231	0	0	0	0
A92	0.24054	0	0	0.02228	0.00884	0.02932	0.01277	0.00427	0	0	0	0	0	0
A93	0	0	0	0	0	0	0	0	0.00135	0.00294	0	0	0	0
A94	0.22587	0	0.08687	0.01357	0.01922	0.04566	0.00183	0	0	0	0	0	0	0
A95	0.11808	0	0	0.00181	0.0037	0	0.00762	0.01555	0.00781	0.00872	0	0	0	0
A96	0.09047	0	0.03235	0.00446	0.00273	0.03818	0.00251	0	0.02623	0.00858	0	0	0	0
A97	0.10209	0	0.02613	0.01258	0.00522	0.01703	0.02395	0.00123	0	0	0	0	0	0
A98	0.03453	0	0	0.00359	0.00237	0	0	0	0	0	0	0	0	0
A99	0.06603	0	0.00253	0.0568	0.05115	0.01231	0	0	0.00209	0	0	0.00788	0	0
A100	0.0539	0.04444	0.00286	0.00257	0.00273	0	0.00117	0	0.00371	0	0	0	0	0
A101	0.1636	0.01316	0	0.00561	0.00414	0	0	0	0	0	0	0	0	0
A102	0.05826	0	0	0.00785	0.00321	0.00495	0	0	0.0111	0.01061	0	0	0	0
A103	0.1743	0.05965	0.01792	0.00735	0.00328	0.00171	0.00422	0	0	0	0	0	0	0
A104	0.16811	0	0.03355	0.00308	0.00337	0.00666	0.00321	0	0	0	0	0	0	0
A105	0.18236	0	0.00353	0.01379	0.00466	0.00338	0.00885	0.00197	0	0.00384	0	0	0	0
A106	0.04994	0	0	0.00343	0	0	0	0	0.00551	0.01189	0	0	0	0
A107	0.04033	0.03799	0	0.00315	0.0011	0	0.00243	0.00105	0	0	0	0	0	0
A108	0.08358	0	0.00267	0.00186	0.00567	0	0.00991	0.00728	0	0	0	0.00113	0	0
A109	0.1039	0	0	0.00502	0.0033	0.00593	0.01569	0.00857	0.0044	0.00128	0	0	0	0
A110	0.11407	0	0	0.00915	0.00642	0.00158	0	0	0.01376	0.00273	0	0	0	0
A111	0.16157	0.00355	0	0.00528	0.01194	0	0.01582	0.00145	0.01296	0.00397	0	0	0	0
A112	0.10783	0	0.01336	0.0015	0.00353	0.00234	0.01512	0.00165	0	0	0	0	0.00174	0
A113	0.06214	0.03851	0	0.00323	0	0.01287	0.00668	0	0	0	0	0	0	0
A114	0.12595	0	0.0404	0.00766	0.01796	0	0.00558	0	0.00424	0	0	0	0	0
A115	0.0687	0	0.0281	0.00256	0.00286	0	0.00161	0.00228	0	0	0	0	0	0
A116	0.2122	0.00868	0.00355	0.00253	0.00406	0	0.00101	0.00156	0	0	0	0	0	0
A117	0	0.00706	0	0	0	0	0	0	0.0131	0.00277	0	0	0	0
A118	0.09077	0	0	0.01922	0.01101	0.00213	0.02481	0.00685	0	0	0	0	0	0
A119	0.01145	0	0.01925	0.00526	0.00143	0	0	0.00144	0	0	0	0	0	0
A120	0.23853	0.00614	0	0.00969	0.00613	0	0.01272	0	0	0	0	0	0	0
A121	0.00176	0.17475	0	0.00328	0.0055	0.00125	0.00305	0	0	0	0	0	0	0
A122	0.08846	0	0	0.00508	0.00756	0.00604	0.00259	0.00373	0.00618	0.00143	0	0	0	0
A123	0.07541	0	0	0.00364	0.00375	0	0.00105	0.01178	0	0	0	0	0	0
A124	0.13647	0	0	0.00416	0.00207	0	0.00211	0	0	0	0	0	0	0
A125	0.12866	0.22338	0	0.00357	0	0	0	0	0.01359	0	0	0	0	0
A126	0.05131	0.41726	0	0.00516	0.00368	0	0	0	0	0	0	0	0	0
A127	0.01859	0	0	0.00142	0	0	0	0	0	0	0	0	0	0
A128	0.00114	0.26504	0.00745	0	0	0	0	0	0.00507	0.0019	0	0	0	0
A129	0.1886	0	0	0.00713	0.00616	0	0.01268	0.00227	0	0	0	0	0	0
A130	0.10137	0	0.0131	0.00887	0.01593	0.00326	0	0	0.00253	0	0	0	0	0.0022
A131	0.08874	0	0	0.00281	0.00219	0	0.00173	0	0.00148	0.00165	0	0	0	0
A132	0.09721	0.0225	0	0.00112	0.00191	0	0.00175	0	0	0	0	0	0	0
A133	0.15768	0	0.06148	0.00888	0	0	0	0	0	0	0	0	0	0
A134	0.12856	0	0.01397	0.01236	0.00983	0	0.03608	0.01549	0	0	0	0	0	0
A135	0.112	0.01563	0	0.00159	0.00454	0	0	0	0	0	0	0	0	0
A136	0.1617	0	0	0.00583	0.00738	0	0.03299	0.00122	0.00146	0.00161	0	0	0	0
A137	0.27826	0	0.21088	0.02593	0.01194	0.0099	0	0.00331	0.00529	0.00119	0	0	0	0
A138	0.04395	0	0.04906	0.00194	0.00227	0	0.00184	0.00178	0	0	0	0.00208	0	0
A139	0.05933	0	0.04907	0.00346	0.00268	0	0	0.00223	0.00261	0.00559	0	0	0	0
A140	0.2576	0	0	0.00512	0.00622	0.00246	0.00814	0	0.00193	0	0	0	0	0
A141	0.12991	0.02595	0	0.00393	0.00291	0.00119	0	0	0	0	0	0	0	0
A142	0.2254	0	0	0.00859	0.00796	0	0.00816	0.01352	0	0	0	0	0	0
A143	0.00844	0	0.01769	0.00389	0.00561	0.03927	0.00604	0	0.00297	0.00965	0	0	0	0
A144	0.23329	0	0	0.01014	0.03082	0.00312	0.00148	0	0.01009	0	0	0	0	0
A145	0.24536	0	0.04146	0.01592	0.01309	0	0	0	0	0	0	0	0	0
A146	0.28277	0	0	0.00392	0.00626	0.00194	0.00553	0	0	0	0	0.0011	0	0
A147	0.02104	0	0	0.00261	0.00195	0	0	0	0.00753	0.00121	0	0	0	0
A148	0.21217	0	0	0.01178	0.01222	0.00115	0.01209	0.00446	0	0	0	0	0	0
A149	0.25382	0	0.00336	0.00349	0.01961	0.00748	0.00533	0	0.00276	0.00319	0	0	0	0
A150	0.08996	0.05743	0	0.00299	0.0049	0	0	0	0	0	0	0	0	0
A151	0.12605	0	0	0.03094	0.00147	0.0174	0.00125	0	0	0	0	0	0	0
A152	0.00878	0	0.00257	0.00614	0.00524	0.00167	0	0	0.00452	0	0	0	0	0
A153	0.02588	0	0.08531	0.00404	0.00701	0.01012	0	0	0.00102	0	0	0	0	0
A154	0.12003	0	0	0.00786	0.00527	0.00266	0.00226	0	0	0	0	0	0	0.00478
A155	0.06537	0.0061	0.05054	0.00403	0.00507	0.02915	0	0	0	0	0	0.00203	0	0
A156	0.07019	0.00619	0	0.00298	0.00377	0.00118	0.00112	0.0012	0	0	0	0	0	0
A157	0.03058	0.0012	0	0.00611	0.00152	0	0.00131	0	0	0	0	0	0	0
A158	0.29546	0	0.01712	0.0052	0.01217	0.0076	0.00705	0.00879	0	0	0	0	0	0
A159	0.10307	0	0.10991	0.00802	0.00202	0	0.00263	0	0.00151	0	0	0	0	0
A160	0	0	0	0.00511	0	0	0	0	0	0	0	0	0	0
A161	0	0.21843	0	0.00285	0.00131	0	0.00471	0	0	0	0	0	0	0
A162	0.06079	0	0	0.01638	0.00421	0.01056	0	0	0.04125	0.00343	0	0	0	0
A163	0.22775	0	0	0.00339	0.00476	0	0.01526	0.01837	0.00127	0	0	0	0	0
A164	0.16452	0	0.01824	0.00717	0.00426	0	0.00691	0.0023	0	0	0	0	0	0
A165	0.11587	0	0	0.00635	0.00197	0	0.01265	0.00224	0	0	0	0	0	0
A166	0.06596	0	0.04966	0.0015	0.00197	0	0.00208	0	0	0	0.00236	0	0	0
A167	0.04589	0	0.10673	0.05834	0.00609	0.00123	0.02109	0.00394	0	0.00297	0	0	0	0
A168	0.17087	0	0	0.00751	0.00445	0	0.01131	0	0	0	0	0	0	0
A169	0.0035	0	0	0	0	0	0	0	0	0	0	0	0	0
A170	0.0159	0	0	0.00747	0	0	0.00185	0	0	0	0	0	0	0
A171	0.04008	0	0	0.00202	0.00464	0	0.00147	0	0	0	0	0	0	0
A172	0.39727	0.00968	0.02328	0.00347	0.00634	0.00473	0	0	0	0	0	0	0	0
A173	0.05457	0	0.02663	0.00171	0.00111	0	0	0	0	0	0	0	0	0
A174	0.12662	0	0.04141	0.01476	0.00788	0	0.00585	0.00153	0	0	0	0.00107	0	0
A175	0.18891	0	0.00389	0.00417	0.00701	0.00208	0.008	0.00202	0	0.00113	0	0	0	0
A176	0.00653	0.04759	0	0.01028	0.01109	0.00108	0.01333	0.00167	0.00308	0	0	0	0	0
A177	0.22878	0	0.04032	0.06305	0.02479	0.09475	0	0.01688	0.00383	0.00331	0	0	0	0.00108
A178	0.00151	0.01053	0	0.00264	0	0	0	0	0	0	0	0	0	0
A179	0.14395	0	0.06295	0.00404	0.00227	0.00234	0.00758	0.00618	0	0	0	0	0	0
A180	0.09289	0	0.0221	0.00793	0.00497	0	0.01261	0	0	0	0	0	0	0
A181	0.2336	0	0	0.00174	0.00444	0.00269	0.00441	0	0	0	0	0	0	0
A182	0.20345	0.00648	0	0.00801	0.00293	0	0	0	0	0	0	0	0	0
A183	0.00109	0	0	0.02863	0.00989	0	0.00322	0	0	0.00158	0	0	0	0
A184	0.0833	0	0.04409	0.00333	0.00235	0.00294	0.00127	0	0	0	0	0	0	0
A185	0.00466	0.01316	0	0.00246	0	0	0	0	0.02205	0.00512	0	0	0	0
C1	0.11229	0	0.04303	0.00494	0.00526	0.00296	0.00148	0.00328	0	0	0	0	0	0
C2	0.00101	0.01689	0.0019	0.01374	0.00244	0	0	0	0	0	0	0	0.00224	0
C3	0.14455	0	0	0.0044	0.00208	0	0.00969	0.0012	0	0	0	0	0	0
C4	0.27452	0	0	0.00617	0.039	0.00274	0	0	0	0	0	0	0	0
C5	0.09308	0	0	0.0025	0.0023	0	0.00124	0.01028	0	0	0	0	0	0
C6	0.08808	0	0.00117	0.00787	0	0.00436	0.00266	0	0	0	0	0	0	0
C7	0.13059	0	0	0.01288	0.00748	0	0.00344	0	0	0	0	0	0	0
C8	0.23551	0	0	0.00442	0.00496	0.00323	0.00866	0.00158	0	0	0	0	0	0
C9	0.13408	0	0	0.00893	0.01343	0.05498	0	0	0.00175	0.00288	0	0	0	0
C10	0.27733	0	0.03149	0.0759	0.00809	0.0598	0	0.00155	0	0	0	0	0	0
C11	0.23384	0.00216	0	0.00416	0.00373	0	0	0.00111	0	0	0	0	0	0
C12	0.20854	0	0	0.0059	0.00935	0	0.01846	0.01716	0	0	0	0	0	0
C13	0.14837	0	0	0.00337	0.00834	0.00191	0.0113	0	0	0	0	0	0	0
C14	0.26971	0	0.01579	0.00796	0.00716	0.00475	0.002	0.00152	0	0	0	0	0	0
C15	0.17777	0.00135	0	0.01401	0.00637	0.00215	0.00486	0	0.0012	0	0	0	0	0
C16	0.29824	0.02545	0	0.01422	0.00496	0.02638	0	0	0	0	0	0	0	0
C17	0.11207	0	0.005	0.00383	0.00405	0.00143	0.00397	0	0	0	0	0	0	0
C18	0.09832	0	0.04559	0.00499	0.00208	0.00911	0.00118	0	0.0053	0.00117	0	0	0	0
C19	0.09542	0	0.03709	0.00704	0.00258	0	0.0068	0	0	0	0	0	0	0
C20	0.1089	0	0.01894	0.00514	0.0092	0.00213	0.00537	0.00113	0	0	0	0	0	0
C21	0.05556	0	0.02827	0.02389	0	0	0.00178	0	0	0	0	0	0	0
C22	0.1141	0	0	0.00603	0.00851	0	0.00288	0.00129	0	0	0	0	0	0
C23	0.0267	0	0.00345	0.00141	0	0.02714	0	0	0	0	0	0.00134	0	0
C24	0.12598	0	0.02981	0.00236	0.00562	0.00478	0.00679	0.00385	0	0	0	0	0	0
C25	0.17929	0	0	0.02774	0.0897	0.01365	0.00261	0	0	0	0	0	0	0
C26	0.18617	0	0	0.0085	0.00481	0.00135	0.00122	0	0	0	0	0	0	0
C27	0.03202	0	0	0.00325	0.00323	0	0.00139	0.00148	0	0	0	0	0	0
C28	0.23182	0	0	0.00951	0.01966	0.02646	0.01011	0.00197	0	0	0	0	0	0
C29	0.13927	0	0.03478	0.00692	0.0088	0.00499	0.00117	0.00717	0	0	0	0	0	0
C30	0.31132	0	0	0.00357	0.00665	0.01821	0.0286	0.0051	0	0	0	0	0	0
C31	0.22565	0	0	0.00363	0.00625	0	0.00448	0	0	0	0	0	0	0
C32	0.21902	0	0.04573	0.00336	0.00772	0.0157	0.01604	0.00249	0	0	0	0	0	0
C33	0.12763	0	0	0.00482	0.00294	0	0.00313	0.01218	0	0	0	0.00114	0	0
C34	0	0	0.05384	0.00572	0	0.00296	0	0	0	0	0	0	0	0
C35	0.31852	0.00258	0	0.01327	0.00194	0	0	0	0	0	0	0	0	0
C36	0.24849	0	0	0.01061	0.01126	0.00785	0.00953	0	0	0	0	0	0	0
C37	0.28124	0	0	0.00638	0.00599	0	0.00237	0	0	0	0	0	0	0
C38	0.14624	0	0.0453	0.00735	0	0	0	0	0	0	0	0	0	0
C39	0.10435	0.03106	0.01086	0.00413	0.00569	0.00346	0	0	0	0	0.0471	0.00284	0.01788	0
C40	0.15414	0	0	0.00434	0.00328	0.0235	0.02438	0.00272	0	0	0	0	0	0
C41	0.00437	0.06244	0.00256	0	0	0	0	0	0.02588	0.00516	0	0	0	0
C42	0.09594	0	0.00141	0.00263	0.00515	0	0.00143	0	0	0	0	0	0	0
C43	0.15231	0	0	0.01146	0.00702	0.00347	0.02095	0.00131	0	0	0	0	0	0
C44	0.2314	0	0	0.0028	0.00334	0.01244	0.00924	0.00176	0	0	0	0	0	0
C45	0.08503	0.00265	0	0.00493	0.00344	0.00152	0.00266	0.00192	0	0	0	0	0	0
C46	0.04658	0.00845	0	0.01909	0.00567	0.00242	0.02279	0	0	0	0	0	0	0
C47	0.04935	0	0.0377	0.00176	0.0033	0	0.00181	0	0	0	0	0	0	0
C48	0.21109	0	0.01318	0.00556	0.0109	0.01	0	0.01217	0	0	0	0	0	0
C49	0.12727	0	0.02865	0.00639	0.00463	0.00134	0.00132	0	0	0	0.01364	0	0	0
C50	0.14119	0	0	0.00235	0.00343	0	0	0	0	0	0	0.00109	0	0
C51	0.14731	0	0	0.00479	0.00545	0.01352	0.01448	0.01906	0	0	0	0	0	0
C52	0.0167	0.00153	0.03314	0.00733	0.00941	0	0	0	0	0	0	0	0	0
C53	0.40245	0.03903	0.02511	0.00782	0.01912	0.00249	0.0021	0.00411	0	0	0	0	0	0
C54	0.03489	0	0	0.0089	0.00731	0.01231	0.00623	0.00399	0	0	0	0	0	0
C55	0.15585	0.00362	0	0.02115	0.0036	0	0.00856	0	0	0	0	0	0	0
C56	0.00587	0.08974	0.01393	0.0024	0.00371	0	0.00193	0	0	0	0	0	0	0
C57	0.15734	0	0	0.00322	0.00773	0	0.02257	0	0	0	0	0	0	0
C58	0.11033	0	0	0.00534	0.00725	0	0.00181	0	0	0	0	0	0	0
C59	0.09331	0	0	0.00332	0.01605	0.00124	0.0106	0	0	0	0	0	0	0
C60	0.1573	0	0	0.00507	0.01187	0.00986	0.01008	0.00118	0	0	0	0.00137	0	0
C61	0.00127	0	0.00639	0.01535	0.00525	0.00123	0	0	0	0	0	0	0	0
C62	0.15008	0	0	0.00613	0.00429	0.00289	0.00934	0	0	0	0	0	0	0
C63	0.17953	0	0.00149	0.00936	0.00878	0.00582	0.02476	0.01575	0	0	0	0	0	0
C64	0.12427	0	0.01516	0.00924	0.02465	0	0.02099	0.00192	0	0	0	0	0	0
C65	0.19164	0	0	0.00252	0.0083	0	0.00172	0	0	0	0	0	0	0
C66	0.11333	0	0.01137	0.01039	0.01687	0.00123	0	0	0.00123	0.00214	0	0	0	0
C67	0.03799	0.02721	0	0.01131	0.00101	0	0.01191	0	0	0	0	0	0	0
C68	0.09131	0	0	0.01465	0.00102	0.0204	0.00704	0	0	0	0	0.00309	0	0
C69	0.23643	0	0.03254	0.01198	0.009	0.0128	0.00201	0.00849	0	0	0	0	0	0
C70	0.27046	0	0	0.01662	0.01137	0	0	0	0	0	0	0	0	0
C71	0.07366	0	0	0.01209	0.00501	0	0.00437	0.00182	0	0	0	0	0	0
C72	0.08729	0	0.06882	0.0153	0.01529	0	0.02688	0.00188	0	0	0	0	0	0
C73	0.08017	0	0	0.00961	0.00974	0	0.00553	0.00208	0	0	0	0	0	0
C74	0.06208	0	0	0.00549	0.00538	0.01724	0.00662	0	0	0	0	0	0	0
C75	0.16563	0	0.03847	0.00653	0.00818	0.00993	0.00404	0.00841	0	0	0.00466	0	0	0
C76	0.03604	0.02128	0.05093	0.00403	0.0062	0	0.00154	0.00704	0	0	0	0	0	0
C77	0.13622	0	0.001	0.00698	0.00594	0.01104	0	0	0	0	0	0	0	0
C78	0.17574	0.00278	0	0.03016	0.00603	0.00387	0.01323	0.00286	0	0	0	0	0	0
C79	0.21644	0.00101	0.03364	0.02109	0.01007	0.04695	0.00394	0.04738	0	0	0	0	0	0
C80	0.14828	0	0.03399	0.00349	0.00393	0	0.00171	0.00136	0	0	0	0	0	0
C81	0.06714	0	0.00119	0.00289	0.00263	0	0.00274	0	0	0	0	0	0	0
C82	0.41435	0.00109	0	0.00639	0.00435	0.00746	0	0	0	0	0	0	0	0
C83	0.10913	0	0.01461	0.00141	0.00225	0	0.00189	0	0	0	0	0	0	0
C84	0.01201	0	0	0.00378	0.00718	0.0045	0	0	0	0	0	0.00132	0	0
C85	0.22684	0	0.00114	0.00514	0.02164	0.00443	0.01047	0.04987	0.00162	0	0	0	0	0
C86	0.03145	0	0	0.00886	0.01177	0.06669	0	0.00107	0.04245	0.00641	0	0	0	0
C87	0.09965	0	0	0.0118	0.01863	0	0.00217	0	0	0.0025	0	0	0	0
C88	0.29283	0.01199	0.00234	0.01523	0.00502	0.00219	0.00126	0	0	0	0	0	0	0
C89	0.15246	0	0	0.01772	0.01351	0.00977	0.00233	0	0	0	0	0	0	0
C90	0.15308	0	0	0.00709	0.0069	0.00185	0.00328	0	0	0	0	0	0	0
C91	0.02102	0	0.00485	0.00708	0.02037	0.05266	0	0	0.00224	0.00299	0	0	0	0
C92	0.06283	0	0.04884	0.01871	0.02215	0.01482	0.00355	0.00391	0	0	0	0	0	0
C93	0.16941	0.00272	0.05762	0.01384	0.01137	0	0	0	0	0	0.00169	0	0.00259	0
C94	0.12285	0	0	0.01583	0.10107	0.00184	0.01425	0	0	0	0	0	0	0
C95	0.20981	0	0	0.00649	0.00799	0	0	0	0	0	0	0	0	0
C96	0.01509	0	0.0056	0.01455	0.00341	0.00693	0	0	0.00326	0.0012	0	0	0	0
C97	0.02826	0	0	0.00168	0.00185	0.00143	0	0	0	0	0	0	0	0
C98	0.13532	0	0.04627	0.00329	0.00422	0.00197	0	0	0	0	0	0	0	0
C99	0.16405	0	0	0.00824	0.00561	0.00293	0.01447	0.07066	0.00249	0	0	0	0	0
C100	0.1101	0.04042	0	0.00531	0.00527	0	0.00186	0	0	0	0	0	0	0
C101	0.33709	0.04555	0	0.00446	0.00483	0.00447	0	0	0	0	0	0	0	0
C102	0.0659	0	0	0.00338	0	0	0.00967	0	0.00624	0.01085	0	0	0	0
C103	0.12042	0	0	0.00394	0.00913	0.00149	0.00557	0.01185	0.00118	0	0	0	0	0
C104	0.15475	0	0	0.00855	0.01285	0.02412	0.00541	0	0.00167	0.00599	0	0	0	0
C105	0.06971	0	0.00101	0.00755	0.00696	0	0.02336	0.01821	0.00171	0	0	0	0	0
C106	0.21853	0.00323	0.05981	0.01008	0.00996	0.01637	0.00253	0.00184	0	0	0	0	0.00365	0
C107	0.24563	0	0	0.0184	0.01104	0.00861	0.00811	0.00201	0	0	0	0	0	0
C108	0.07764	0	0.04667	0.02272	0.01271	0.00148	0.00449	0.03293	0	0	0	0	0	0
C109	0.31579	0	0.02639	0.00356	0.00444	0.00655	0.00342	0.00119	0	0	0	0	0	0
C110	0.1924	0	0	0.00717	0.02263	0.00818	0.0024	0.00305	0	0	0	0	0	0
C111	0.04503	0	0	0.00813	0.01083	0	0.00646	0	0	0	0	0	0	0
C112	0.15083	0	0.04847	0.00738	0.00801	0	0.00698	0.00993	0	0	0	0	0.00205	0
C113	0.06594	0	0.04218	0.0032	0.00211	0.00124	0.00271	0	0	0	0	0	0	0
C114	0.34867	0	0.00322	0.01276	0.00617	0.02829	0.01458	0.00288	0	0	0	0	0	0
C115	0.05343	0.12773	0	0.00547	0.00366	0.00548	0	0	0	0	0	0.0022	0	0
C116	0.08394	0.05294	0	0.01675	0.00288	0.0055	0.00253	0	0	0	0	0	0	0
C117	0.08676	0	0.04394	0.0034	0.00498	0	0.00163	0	0.00179	0.00233	0	0	0	0
C118	0.23023	0	0.04739	0.00787	0.00678	0.01279	0.00198	0.00405	0	0	0	0	0	0
C119	0.01605	0	0	0.00202	0.00247	0	0.0013	0	0	0	0	0	0	0
C120	0.17654	0	0	0.0061	0.00689	0	0.00775	0	0	0	0	0	0	0
C121	0.14305	0	0	0.0088	0.0043	0	0.00919	0	0.00125	0	0	0	0	0
C122	0.06901	0	0.01869	0.01543	0.10019	0.00215	0.04909	0.005	0	0	0	0	0	0
C123	0.26865	0	0	0.04226	0.00381	0.00121	0.00332	0	0	0	0	0	0	0
C124	0.13147	0	0.02861	0.0016	0.00347	0.00155	0.00129	0.00198	0	0	0	0	0	0
C125	0.07218	0	0	0.00529	0.00393	0.00377	0.0144	0	0	0	0	0	0	0
C126	0.03572	0	0	0.02251	0.0088	0	0.00121	0	0	0.00213	0	0	0	0
C127	0.02609	0.57729	0	0.00496	0	0.00439	0	0	0	0	0	0	0	0.01791
C128	0.15972	0.00762	0.04721	0.01031	0.00668	0.00142	0	0.00154	0.00169	0	0	0.00159	0	0
C129	0.03618	0.00374	0.04827	0.00115	0.00348	0.00182	0.00174	0	0	0	0	0	0.0057	0
C130	0.04419	0	0.02055	0.00287	0.00143	0	0	0	0.01336	0.00502	0	0	0	0
C131	0.20115	0.00177	0	0.00638	0.00388	0.01493	0.00541	0	0	0	0	0	0	0
C132	0.12752	0	0	0.00393	0.01887	0.0012	0.0134	0.00716	0	0	0	0	0	0
C133	0.09001	0	0.02624	0.00629	0.00314	0.04411	0.00405	0	0.00294	0.00122	0	0	0	0
C134	0.07696	0	0.02453	0.01105	0.00994	0.20268	0.0037	0.03501	0.01028	0.00206	0	0	0	0
C135	0.07805	0	0	0.00582	0.00334	0	0.00782	0	0	0	0	0	0	0
C136	0.05965	0	0.03602	0.00418	0.00499	0.00446	0.00284	0	0	0	0	0	0	0
C137	0	0	0.02659	0.01155	0.00356	0.01836	0	0	0.01934	0.00205	0	0	0	0
C138	0.10249	0	0	0.05096	0.00639	0	0.04082	0.00114	0	0	0	0	0	0
C139	0.39021	0	0	0.00266	0.00832	0	0.00132	0.00434	0	0	0	0	0	0
C140	0.09417	0.00425	0.01603	0.01002	0.01351	0.00633	0.01481	0.03924	0	0	0	0	0	0
C141	0.26027	0	0.00101	0.00428	0.00495	0	0.00309	0.00105	0	0	0	0	0	0
C142	0.15478	0	0.03632	0.00475	0.0057	0.0024	0.00144	0.00684	0.00305	0	0	0	0	0
C143	0.14627	0.03338	0	0.01897	0.00768	0.00156	0	0	0	0	0	0	0	0
C144	0.0464	0	0.05089	0.00166	0.00115	0.00352	0	0	0.06734	0.01348	0	0	0	0
C145	0.02917	0	0.00302	0.0103	0.00483	0	0.04198	0	0	0	0	0	0	0
C146	0.18466	0	0.01162	0.00495	0.00449	0	0	0	0	0	0	0	0.00418	0
C147	0.08961	0.00121	0	0.00699	0.00301	0.00309	0	0	0	0	0	0	0	0
C148	0.08675	0	0.03464	0.01824	0.05268	0.01768	0.00173	0	0	0	0	0	0	0
C149	0	0.02362	0	0.00416	0	0.08309	0	0	0	0.0022	0	0	0	0
C150	0	0	0.06739	0.00211	0	0	0	0	0.00207	0	0	0	0	0
C151	0.13477	0	0	0.008	0.01454	0	0.0124	0.00515	0	0	0	0	0	0
C152	0.37034	0	0	0.003	0.03185	0	0.00221	0	0	0	0	0	0	0
C153	0.18285	0	0	0.00665	0.00427	0	0.00476	0.00403	0	0	0	0	0	0
C154	0.10063	0.00273	0	0.00311	0.00481	0	0.00755	0	0.00399	0	0	0	0	0
C155	0.02108	0	0	0.00617	0.00341	0.002	0	0.00201	0	0	0	0	0	0
C156	0.05415	0	0.0594	0.01181	0.00621	0.01762	0	0	0	0	0	0	0	0
C157	0.04689	0	0	0.00972	0.00408	0	0.02174	0	0	0.00369	0	0	0	0
C158	0.15672	0.00216	0.03347	0.00618	0.0029	0	0.00185	0	0	0.00276	0	0	0	0
C159	0.15061	0	0	0.00569	0.00601	0.0061	0.00508	0	0.00108	0	0	0	0	0
C160	0.22095	0	0	0.00349	0.00727	0.00782	0.00355	0	0	0	0	0	0	0
C161	0.13511	0	0.03145	0.0016	0.0022	0.00317	0.00514	0	0	0	0	0	0	0
C162	0.0143	0	0.00202	0.00696	0	0	0.00506	0	0	0	0	0	0	0
C163	0	0	0.00205	0	0.00215	0.00391	0	0	0	0	0	0	0	0
C164	0.20059	0	0.02871	0.00839	0.00752	0.00764	0	0.00424	0	0	0	0	0	0
C165	0.18347	0.0928	0	0.00341	0.01048	0.00121	0.00148	0	0	0	0	0	0	0
C166	0.25325	0	0.04664	0.00463	0.00798	0.00495	0.00142	0.00496	0.00147	0	0	0	0	0
C167	0.06146	0	0.04831	0.00298	0.00938	0.01643	0.00152	0.00463	0	0	0	0	0	0
C168	0.16906	0	0.01895	0.00851	0.01014	0.01099	0.01098	0.00328	0	0.00203	0	0	0	0
C169	0.10331	0	0.0013	0.00307	0.00457	0	0	0	0	0	0.02141	0	0	0
C170	0.04193	0.00857	0	0.00198	0.00127	0	0	0.00512	0.00654	0.00526	0	0	0	0
C171	0.03586	0	0	0.00556	0.00566	0	0.0033	0.00376	0.00655	0	0	0	0	0
C172	0.1701	0.00878	0.05183	0.00637	0.0117	0	0.00361	0.01089	0	0	0	0.00195	0	0
C173	0.15504	0	0.06235	0.00384	0.00549	0.01081	0.00475	0.00387	0	0	0	0	0	0
C174	0.25699	0	0.04618	0.0083	0.008	0.00861	0.01246	0.00379	0	0	0	0	0	0
C175	0.01316	0	0.07466	0.01623	0.02383	0	0	0.0091	0	0	0	0	0	0
C176	0.04061	0	0.02675	0.004	0.00534	0	0	0.00278	0.03034	0.00408	0	0	0	0
C177	0.02813	0	0.00302	0.00173	0.0031	0	0	0	0.07476	0.0118	0	0	0	0
C178	0.13445	0.00106	0	0.00527	0.00437	0	0.00131	0	0	0	0	0	0	0
C179	0.06879	0	0	0.00393	0.00482	0	0.00403	0	0.01094	0.00539	0	0.00122	0	0
C180	0.22466	0.0106	0.0065	0.00676	0.00248	0.0033	0.00332	0	0.00715	0.00316	0	0	0.00394	0
C181	0.11009	0.0595	0.00353	0.00489	0.00318	0.0026	0.00226	0.00258	0	0	0	0	0	0
C182	0.17	0	0	0.00438	0.00556	0	0.00143	0	0	0	0	0	0	0
C183	0.12601	0	0.02976	0.02482	0.01769	0.00131	0.04286	0.02232	0.00112	0	0	0	0	0
C184	0.14198	0	0	0.00437	0.00437	0	0.00737	0.01127	0	0	0	0	0	0
C185	0.15366	0	0	0.00614	0.14844	0.00346	0	0	0.00521	0.00938	0	0	0	0
C186	0.09965	0	0	0.00464	0.00553	0	0.00629	0.00339	0	0	0	0	0	0
C187	0.00589	0.0107	0.00807	0.02039	0.02913	0	0	0	0	0	0	0	0	0
C188	0.04582	0	0.03713	0.00629	0.00549	0.0078	0.01119	0	0	0	0.00299	0	0	0
C189	0.12179	0	0	0.00404	0.00492	0.03672	0	0	0	0	0.00538	0	0	0
C190	0.05131	0	0	0.00954	0.00339	0	0	0	0	0	0	0	0	0
C191	0.36512	0	0.00746	0.00584	0.0113	0.00875	0.00671	0.00656	0	0	0	0	0	0
C192	0.21017	0	0.03501	0.00426	0.00433	0.00237	0.00755	0.01192	0	0	0	0	0	0
C193	0.26057	0	0.03303	0.00606	0.04688	0.01204	0.02028	0.03287	0	0	0	0	0	0
C194	0.02697	0	0.02882	0.00161	0.00196	0	0	0	0	0	0	0	0	0
C195	0.06753	0	0.03697	0.00525	0.0048	0	0.0079	0.0015	0.00104	0	0	0	0	0
