	ACE	Chao1	shannon	simpson
A1	34.08947368	27	2.203729706	0.770260887
A2	29.3826087	22	1.395256655	0.468339374
A3	11.0697561	10.5	1.780052988	0.690317743
A4	22.73749328	22	1.916027781	0.691462508
A5	14.83219955	12	1.250627	0.475965212
A6	28.14609653	24	2.146445129	0.762031081
A7	59.29268293	113	2.352867571	0.804657026
A8	23.40740741	18	1.588582654	0.581161271
A9	27.30688874	24.33333333	2.507388783	0.823113718
A10	10.06333552	9.5	1.206526283	0.48210573
A11	62.551	72	2.139812986	0.804235604
A12	33.36734694	27	1.980069749	0.764233543
A13	19.06535948	18	2.05147736	0.741692869
A14	31.00831025	26	2.003796402	0.752726202
A15	52.95481582	36.14285714	2.602699698	0.847293213
A16	17.6653236	13	1.789066267	0.700252155
A17	34.20244108	35	2.463006782	0.834542434
A18	13.2896	12.5	1.953460233	0.760675419
A19	36.78021978	26	1.170106655	0.408975807
A20	47.85965432	44.33333333	3.075789894	0.906253749
A21	16.54785969	14.5	1.880906174	0.73255307
A22	24.00848765	24.5	1.892764743	0.738384257
A23	27.6584022	30	2.274075292	0.829586117
A24	36.52631579	27.25	1.534295828	0.615325872
A25	25.03472222	35	1.887829353	0.727022647
A26	73.45502646	83	2.263817745	0.79954475
A27	64.72164412	68.25	2.917278966	0.904338758
A28	62.35788717	96	2.004005388	0.715744099
A29	14.65322314	14	1.064805692	0.458161273
A30	41.19774806	33	1.934491721	0.746490773
A31	22.70987654	19.75	2.165312098	0.79633056
A32	47.26391466	24	1.63049352	0.64983082
A33	17.45230769	12	1.715828582	0.714184189
A34	20.27869295	21.5	2.114207868	0.775395561
A35	20.58477509	19.5	1.648729204	0.647587616
A36	44.52747253	34	2.434723427	0.799352387
A37	21.82937758	16.33333333	2.103060743	0.80100086
A38	45.19387289	39.5	2.397396291	0.858139701
A39	15.9704142	14.5	2.087273088	0.806508456
A40	29.58074074	27	1.5484913	0.535054638
A41	11.80873996	10.33333333	1.87672047	0.732777928
A42	45.60416667	35.33333333	1.613827206	0.576135973
A43	21.03061224	15.33333333	1.927073028	0.783138014
A44	22.02958485	20.66666667	2.545767203	0.816721588
A45	38.95674409	25.33333333	2.269371943	0.836344447
A46	16.82782609	13	1.561059821	0.645724654
A47	12.25542784	13	1.767502441	0.729922188
A48	26.52380952	17	0.677431567	0.230493011
A49	38.29951691	30.625	2.740558248	0.879590336
A50	NA	18	1.407850497	0.665945038
A51	31.55965909	31	2.263070683	0.797623565
A52	48.16551503	36.2	2.639272021	0.878599959
A53	41.06341463	44	2.401385429	0.799045721
A54	23.6122449	17	2.101409844	0.785550486
A55	44.14049587	41	1.916395268	0.768856289
A56	62.57821713	52.25	2.706293651	0.878691253
A57	30.5567918	29	2.61808014	0.848697613
A58	20.90873016	14	1.460309337	0.539865692
A59	100.4587814	53.2	2.639323609	0.879142774
A60	41.41418764	40.5	2.548457718	0.823019189
A61	24.73684211	22	1.88773746	0.668756789
A62	23.50100364	22	2.365238146	0.793800544
A63	97.44158384	53	2.244849167	0.786099012
A64	19.40625	15.5	1.879662178	0.736830487
A65	20.89463682	19.75	1.862393694	0.651124577
A66	37.60016906	34	2.351602	0.850133234
A67	29.90258545	26.2	2.031356119	0.686593207
A68	15.19078947	15	1.454267035	0.584954511
A69	19.73660714	16	1.908171336	0.739124308
A70	17.625	22	1.780936362	0.667226568
A71	51.95	32	1.89185118	0.704699167
A72	49.66666667	27	1.663959034	0.695171621
A73	49.07479224	31	1.930915801	0.743482996
A74	38.72	33.2	2.027680809	0.719615533
A75	32.46814815	21.6	1.72575795	0.664051775
A76	41.0914662	33.75	1.963332368	0.665796501
A77	29.69913043	35	2.243136363	0.803587575
A78	28.61430877	27.33333333	2.514149465	0.864543752
A79	123	63.5	1.819744566	0.72684296
A80	40.71896599	45.5	1.971926954	0.702339038
A81	33.84126984	30	2.183105039	0.79178805
A82	37.02809656	31.25	2.415725066	0.86260985
A83	20.66666667	18	2.324131255	0.804228939
A84	20.43019943	14.33333333	1.892537183	0.742229331
A85	16.02655943	18	1.819938671	0.73155514
A86	80.64666667	93	2.593715318	0.84739722
A87	36.37037037	23.33333333	1.82309356	0.734089156
A88	13.38601839	13	2.040135235	0.796766648
A89	15.53781513	12	1.419648629	0.634245001
A90	51.47131745	47	2.066588256	0.746713536
A91	9.222222222	7.5	1.496968661	0.71131911
A92	45.32808061	36.14285714	2.685612716	0.864965679
A93	14.25	9	1.150939474	0.588337054
A94	23.312	19.75	2.058370481	0.777767019
A95	55.37919103	47	2.208225981	0.795656561
A96	25.21264516	24.5	1.741802013	0.592655322
A97	72.25283753	55	2.274180026	0.729394764
A98	16.48847926	15	1.977041044	0.773978897
A99	35.55129619	34	2.17467074	0.796568939
A100	20.99568966	21	2.524667802	0.849641104
A101	50	59	1.455438142	0.566485082
A102	37.78021978	27	1.657152503	0.667277732
A103	36.98231565	31.16666667	2.408596094	0.807601137
A104	32.34002869	24	2.264084312	0.811759034
A105	28.30434783	25.33333333	2.102754256	0.788497999
A106	25.34194955	19.2	1.987828217	0.760373054
A107	19.472	18	1.838456087	0.714171433
A108	45.92828402	85	2.200667916	0.765737556
A109	17.39368999	13.5	1.805263302	0.691509444
A110	43.71692308	33	1.934405386	0.746242976
A111	60.22480867	48	2.623614596	0.869007255
A112	38.34074074	22.5	1.521153677	0.573724642
A113	27.46776806	29	1.790645048	0.689196017
A114	24.48777778	23	2.221577509	0.74758107
A115	18.76046917	25	2.34606748	0.823153846
A116	39.2	34	2.202097534	0.845506276
A117	17.44444444	15	1.664080204	0.742571048
A118	37.19759703	30.42857143	2.871986369	0.898120354
A119	35.44907477	20	1.562420291	0.618093272
A120	41.85913043	51	2.078607479	0.808809248
A121	19.61979167	13.5	1.379999836	0.568560943
A122	68.81591351	46	2.11600728	0.761288497
A123	37.9855479	29	2.360610461	0.843171046
A124	24.01038062	25.5	2.007257832	0.743985377
A125	6.086419753	5	1.437618144	0.669108823
A126	29.45706371	29	1.886797875	0.735361438
A127	26.11753903	17	1.549838165	0.62791748
A128	21.04405163	19	1.539330504	0.683517464
A129	83.97959184	50	1.873989728	0.698967733
A130	37.29091637	31.25	2.498555271	0.868632199
A131	19.3341284	20	2.147779382	0.790336377
A132	23.50252525	15.33333333	1.947683799	0.78115583
A133	8.471450038	8	1.464268042	0.623509099
A134	45.34933333	42.11111111	3.152480815	0.927483184
A135	34.48941176	28	1.897881446	0.731468826
A136	47.06261023	37.33333333	2.22613943	0.806328654
A137	97.48275862	57	2.407284571	0.836670296
A138	19.82557398	15.5	1.503580966	0.557628586
A139	13.58761436	12.2	2.225170125	0.833791055
A140	42.5617284	37.33333333	2.281319136	0.817612411
A141	27.6	23.14285714	1.842043756	0.629762903
A142	48.95394344	37.6	2.501754925	0.850754008
A143	27.48493827	24	2.263595094	0.82503401
A144	41.7972973	62	2.16359679	0.800814186
A145	27.44852941	22.25	2.23545625	0.833755525
A146	64.90909091	40	1.710863584	0.700559686
A147	23.5712	21.5	2.020332647	0.779701461
A148	76.31153119	102.5	2.660805272	0.846520961
A149	37.61988304	31.75	2.024118668	0.770449546
A150	24.885	20	2.333527481	0.825877691
A151	18.43222857	14.5	1.801919267	0.672029982
A152	52.08151959	60	1.683292546	0.643408858
A153	27.23421975	25	2.256963366	0.81484501
A154	35.10128496	41.5	2.387050578	0.838978985
A155	24.31617647	25.5	1.971738028	0.72283783
A156	18.72727273	16	1.745491944	0.694356888
A157	19.5269532	17	1.945235343	0.668694734
A158	65.2875817	45.75	2.533916638	0.846327465
A159	48.38283125	41.5	2.546954744	0.87244754
A160	19.8552	27	1.194733542	0.454626996
A161	13.68831169	12	1.334593046	0.568424125
A162	24.69547325	23	2.181599785	0.787916454
A163	46.1875	42.5	2.350693175	0.787215523
A164	46.77846154	35.5	1.963877431	0.687078598
A165	39.02358067	46.5	2.261828531	0.809422443
A166	16.40624362	14.5	1.879258291	0.681443246
A167	70.33198273	88	3.222884214	0.927494744
A168	37.76660156	33	1.789109998	0.667226005
A169	13.81188617	15	1.04637138	0.420136463
A170	22.59504132	19	1.844300175	0.702735542
A171	28.48156956	19.25	1.565839399	0.596246745
A172	52.39655172	29.25	2.106977432	0.785597199
A173	9.719298246	8.5	1.417326286	0.579382203
A174	105.580062	85.6	3.114902245	0.923403446
A175	37.98891967	24.2	2.134822525	0.743483878
A176	61.16707617	145	2.668020068	0.872908793
A177	36.44008715	31.5	2.90971809	0.898578186
A178	14.96623377	13.75	2.040932267	0.7829687
A179	31.97038651	24	2.39100973	0.8368291
A180	28.5157713	24	1.960543303	0.707671031
A181	25.14285714	17	1.883332668	0.77550147
A182	54.52631579	30	1.535342128	0.619184982
A183	10.90909091	10.5	1.330183201	0.577721895
A184	8.724279835	8	1.57931834	0.65662293
A185	18.09290917	17	1.715740327	0.6359691
B1	58.63636364	49	2.916860296	0.895951011
B2	18.19234568	15.5	2.175474809	0.770940286
B3	59.59690823	47	2.402161169	0.849697149
B4	21.41929499	28	2.214086625	0.810579732
B5	38.76744186	33.75	2.007590723	0.69365004
B6	23.13668981	25.5	1.984485117	0.740616659
B7	29.84544406	25.33333333	2.215411389	0.814806122
B8	28.8538045	23	1.969146604	0.717096527
B9	22.17942857	18.75	1.811701695	0.665029751
B10	23.06959707	17.66666667	2.098795839	0.767908625
B11	16.14631916	14	2.024129	0.782435498
B12	36.81481481	39.5	2.074494584	0.750118806
B13	29.85597668	26.33333333	2.18925342	0.819746441
B14	29.01101928	24	1.787737613	0.639902741
B15	20.97115385	19.5	1.792618748	0.739869787
B16	42.70507545	33	2.019165409	0.761706471
B17	48.56213018	52	2.277521963	0.819026676
B18	10.66666667	9.25	1.795656789	0.742736138
B19	24.02586207	19.5	1.733448519	0.683180488
B20	20.21875	18	2.029177262	0.749702736
B21	40.62955255	34	2.569752104	0.875435033
B22	51.17959184	52	2.269292962	0.781334297
B23	18.28089337	17	1.698763593	0.688451692
B24	27.2875	25	1.434231702	0.542752197
B25	26.10725762	34	1.962736896	0.734907076
B26	16.18934911	11	0.999205104	0.376884501
B27	19.82906323	18	2.155718283	0.804810666
B28	52.69387755	58	0.966126277	0.322991263
B29	16.33744856	16	2.088416707	0.783883573
B30	29.82795699	24	2.035413846	0.707633777
B31	16.55905314	14	1.893989672	0.762069163
B32	50	36.33333333	2.239285707	0.777762206
B33	58.11458333	50.25	2.472314564	0.840858294
B34	31.79878416	27.33333333	2.490116404	0.863714039
B35	24.19661467	18.75	1.968078036	0.728359317
B36	63.6833423	45.6	2.85061093	0.878935507
B37	63.51109139	38.5	2.036712945	0.7482742
B38	56.38971698	47.75	2.650567654	0.865761812
B39	18.52142857	15.5	2.148393584	0.778431322
B40	25.27215457	24	2.301989704	0.82022071
B41	19.89430894	21.5	1.967979514	0.702586733
B42	22.94107744	15.5	1.964517304	0.779866367
B43	37.79981714	32.75	2.072708113	0.669478461
B44	25.66236003	30	1.940128581	0.695023105
B45	18.74635241	16.33333333	2.014245086	0.796462289
B46	35.85777778	40	1.209276232	0.436822647
B47	42.92887351	72	1.867276751	0.669700489
B48	51.86999713	45.5	2.322663235	0.835033127
B49	26.59096539	21	1.762572124	0.710527377
B50	18.53303674	16.33333333	2.009856305	0.759894031
B51	52.89655172	31	1.908460709	0.716488921
B52	43.0084831	34	2.555955535	0.877301217
B53	17.35416667	16	1.728678349	0.75228693
B54	15.95404959	14	1.734131197	0.713965117
B55	26.14814815	22	1.888080161	0.708592291
B56	173.4310345	75	2.437148922	0.82202795
B57	29.35483871	42	1.859008662	0.689101557
B58	50.13063268	52.33333333	1.918518652	0.637725853
B59	14.08259061	13.2	2.002230492	0.732770675
B60	15.85625	13.75	2.205082142	0.834009502
B61	33.25	26.2	2.327679993	0.831647792
B62	19.97115385	18.5	1.276389403	0.499073751
B63	72.52114964	43	2.734100814	0.854456161
B64	20.29434529	20	2.57826317	0.857314061
B65	85.77777778	58	1.535022501	0.652282855
B66	45.86282579	38.5	1.765563005	0.660609963
B67	29.70192308	23	1.794787485	0.648297621
B68	20.03061224	14.33333333	1.546185324	0.650209894
B69	20.09569378	27	1.686162999	0.648116883
B70	17.16483932	13.5	2.065495692	0.800733333
B71	51.76388889	36.33333333	2.161467222	0.788014351
B72	15.49308756	15	1.882252655	0.697785298
B73	18.57908003	18.33333333	2.216544918	0.817369542
B74	49.6899811	44.5	1.913374692	0.753213196
B75	26.46029274	25.5	2.318407103	0.835442587
B76	23.10294118	26.5	2.066024672	0.762385308
B77	36.66169022	33	2.086593944	0.748928468
B78	33.72413793	29	2.489837034	0.846613297
B79	59.35123367	62	2.937532735	0.917820748
B80	17.58823529	16.2	2.277473373	0.847787349
B81	31.6302521	28	2.429794622	0.840755893
B82	25.99024175	21.5	1.863550155	0.669389934
B83	25.90852095	24	2.022919966	0.749482792
B84	41.84210526	61	2.040258901	0.759403409
B85	13.33411765	11.5	1.637493584	0.69732646
B86	88.52263374	81	1.74130867	0.601235563
B87	36.81481481	39.5	2.228659537	0.81526101
B88	20.20289855	17.75	1.92716997	0.73469557
B89	12.15702479	10.5	1.096329361	0.443150261
B90	47.43323429	73	2.034616955	0.736325201
B91	26.93658537	22	2.413180645	0.830536041
B92	18.69278163	18	2.147216427	0.801845202
B93	102.4444444	58	1.53654864	0.662979857
B94	14.23382289	16	1.694517151	0.711598783
B95	22.84487535	19.5	1.826982773	0.706782773
B96	9.9	7	1.604883116	0.706160387
B97	9.504649197	9	1.55492766	0.724925819
B98	10.53863899	9.5	1.48987957	0.633929481
B99	18.0030606	15	2.235345286	0.816251732
B100	17.2469794	15.375	1.957693944	0.730417681
B101	29.77409219	27.6	2.659180593	0.888116185
B102	14.41676505	11.75	1.562199613	0.605584986
B103	18.68027211	24	2.32712792	0.838506734
B104	48.76388889	33.33333333	1.220268034	0.397615837
B105	157.1627229	82	2.380685204	0.814769573
B106	14.53909465	15	1.500544352	0.609518572
B107	13.56255546	13.5	2.01151815	0.804708888
B108	29.90684694	27	2.663456793	0.866560832
B109	25.89012346	22.2	2.214212723	0.80074692
B110	16.80307692	14.5	2.065546525	0.832884298
B111	21.14285714	19	2.160888464	0.829167835
B112	10.2027972	9	0.777141977	0.284537351
B113	121.0819048	91	2.529751647	0.855256753
B114	24.06790123	24.5	1.789610847	0.684210796
B115	28.10799531	25	1.934820415	0.698470814
B116	38.82329791	31.25	2.566973114	0.851192749
B117	27.71831347	25.2	2.81058459	0.902793026
B118	53.76033058	45.5	3.017847414	0.911044946
B119	28.33481481	44	2.177623027	0.818353092
B120	15.03966942	14.2	2.427453989	0.859948052
B121	20.90423862	19	1.6501364	0.639498652
B122	24.38461538	20	1.933731883	0.769629899
B123	52.33139535	35.2	2.31248098	0.825914399
B124	36.20467495	27	2.542609683	0.883525006
B125	16.88157895	13	1.810630882	0.750020217
B126	18.57653061	14.33333333	1.550111417	0.644743246
B127	56.35525836	60	2.499150945	0.853415212
B128	11.21555556	10.33333333	1.702543802	0.720300666
B129	25.24444444	27.33333333	2.327729562	0.806619235
B130	65	46.25	1.741798532	0.627505391
B131	21.624	27	1.813006981	0.772264522
B132	29.35030864	24.5	1.979465015	0.743326372
B133	26.11764706	24.5	2.037974697	0.764016084
B134	66.35106383	86	2.853229683	0.903258151
B135	46.96551724	33	2.334470633	0.832074887
B136	26.31000972	31	2.371078119	0.828145838
B137	32.49199748	30	2.209752352	0.835232935
B138	13.74380165	12.5	1.913799927	0.739257656
B139	65.41178295	46.75	2.741403146	0.890049533
B140	21.92	17.75	2.02749516	0.80389842
B141	48.07362885	53	2.449884934	0.849805351
B142	37.26337449	29.625	2.813402054	0.895606138
B143	13.47337278	11	1.11271154	0.388200178
B144	18.64518229	17.33333333	2.108888976	0.76217886
B145	22.11357341	28	1.980615531	0.754918245
B146	20.51020408	17	1.947367152	0.764625586
B147	20.71866667	22.5	1.944427872	0.713479585
B148	20.18209877	19.5	1.424432336	0.560664678
B149	25.60802469	22	1.937581763	0.754310422
B150	20.71893491	15	1.54097881	0.561129908
B151	20.50497993	17.5	2.347976662	0.848352324
B152	37.66970999	47.5	2.247342267	0.785758738
B153	18.66666667	15.75	1.421149342	0.603711393
B154	22.0815041	20.75	2.434348726	0.850594019
B155	35.43880362	35	2.32544055	0.794271256
B156	46.19203606	34.42857143	2.758515309	0.889617985
B157	42.61355812	34	2.186762857	0.723663134
B158	19.16	21.5	1.685913288	0.641901421
B159	75.70465454	48.25	2.255474104	0.753887715
B160	41.75957926	44	2.575015579	0.857702031
B161	27.36363636	18.5	1.741985019	0.713238674
B162	29.95259259	30	2.224880404	0.819594371
B163	29.84210526	26.33333333	2.290689479	0.842516835
B164	28.30769231	29	1.926101621	0.703060406
B165	34.93333333	26	1.233402607	0.454351607
B166	37.15625	31	1.393895405	0.48360158
B167	31.75308642	28	1.795566961	0.696143888
B168	20.92689655	16	1.885774941	0.689927536
C1	25.0725327	23	2.093273865	0.735235215
C2	23.43904	16.75	1.562342218	0.56932257
C3	23.88235294	15.75	1.485418016	0.568383633
C4	41.37877211	27.5	2.116801139	0.800298438
C5	23.84172289	36	1.957448124	0.723546564
C6	17.53441343	16	2.29793916	0.836249545
C7	46.50694444	47.5	2.368033366	0.840350512
C8	13.85	12.75	1.961901742	0.768391267
C9	27.29118344	24.5	1.905003795	0.727013416
C10	31.88694448	36	2.403817675	0.853900682
C11	19.20118343	16.75	1.614497679	0.645868726
C12	59.84722222	48	2.754234535	0.877945752
C13	36.67352538	40.5	2.256783355	0.822047476
C14	80.81292261	40	2.149322201	0.798681194
C15	30.79012346	21	1.808267723	0.699869108
C16	13.08741021	14	1.933236037	0.790254344
C17	29.65138889	25.5	2.228360215	0.798916146
C18	22.40582726	21.5	1.96608219	0.75784247
C19	24.20174292	23	2.114500288	0.756033154
C20	41.95604396	33	1.968142705	0.705357777
C21	12.87096774	12.2	1.500413923	0.553950029
C22	58.86250939	84	2.064747719	0.723468524
C23	9	9	1.499897222	0.613058287
C24	33.79878452	29	1.983590916	0.739954357
C25	29.06906741	28.33333333	2.41020636	0.846908298
C26	32.07813411	30	2.249073779	0.840746818
C27	25.88769231	25.5	2.129643432	0.802976734
C28	35.97920555	40.5	2.133905162	0.776635546
C29	24.9733124	17.75	1.816821315	0.676138121
C30	34.39253982	27	2.317727817	0.823730367
C31	17.03703704	15	1.925772598	0.73312271
C32	60.01749271	42	2.626204651	0.85936863
C33	20.5862069	22.5	2.325811843	0.825810901
C34	13.04637337	16	1.344140589	0.539030711
C35	14.81818182	14	1.325632312	0.61832313
C36	37.27875696	27	1.917395526	0.72189845
C37	40.29084287	39.5	2.063498635	0.803644173
C38	16.17333333	13	1.733084129	0.723672936
C39	39.45889698	31.25	2.36965039	0.792111828
C40	19.58823529	18	1.654557866	0.619261891
C41	24.39134615	33	1.400319997	0.513519757
C42	29.67212173	30	2.220930256	0.824644261
C43	52.27659574	44.33333333	3.085131724	0.912395418
C44	32.64214876	53	2.374504108	0.841570464
C45	30.3785124	43	2.343462987	0.846092261
C46	35.24007561	32.09090909	2.935320528	0.898313471
C47	14.31581408	17	1.620092246	0.622695668
C48	62.36155203	67.5	2.39789627	0.854825447
C49	27.84	26.14285714	2.046621466	0.697246324
C50	49.66666667	27	1.724909799	0.716430437
C51	25.33333333	18	1.935951305	0.708183245
C52	26.58461538	23	1.882753661	0.763989898
C53	16.89196676	16.33333333	1.768758566	0.713902582
C54	28.05263158	26	2.348087618	0.833742516
C55	27.42925089	24	2.200935527	0.772477456
C56	29.72678029	27.33333333	2.202989846	0.803233613
C57	21.77379261	20.25	1.65721828	0.62197615
C58	54.37082741	98	2.258025918	0.788925995
C59	58.14997714	47	2.193956687	0.783350191
C60	90.68253968	63	2.225605269	0.766335602
C61	24.2662037	19	0.99949932	0.358469142
C62	22.625	17.2	1.570708075	0.570118106
C63	54.07519531	37	2.503611106	0.837503868
C64	36.85806452	34	2.448633997	0.812611031
C65	30.71302365	25.33333333	2.192928602	0.832016067
C66	25.73050505	22.6	1.926247016	0.699476218
C67	31.52	33	1.682309853	0.58328628
C68	60.33826627	39.5	1.80528898	0.623608845
C69	43.72443442	34	2.241844149	0.831868714
C70	25.13221154	22.625	2.530321826	0.855649878
C71	48.42271468	43.5	2.694216258	0.872651995
C72	40.43912449	30	2.472362789	0.870801603
C73	56.82926829	44.75	2.051495149	0.689203588
C74	44.7755102	35.5	1.645547033	0.567864228
C75	89.52263374	82	2.190813223	0.782704455
C76	35.65920979	36	2.565337457	0.863647361
C77	59.50711265	44.5	1.65277464	0.63282269
C78	52.86753472	43.2	2.769723998	0.868467332
C79	76.05432099	63.2	2.596152345	0.841778429
C80	17.80729167	16.33333333	1.817888	0.673629281
C81	12.68148709	11.5	1.865915681	0.750417258
C82	37.47058824	17.5	1.509898947	0.679122597
C83	17.4079953	14	1.872193047	0.737221197
C84	18.40625	14.5	1.541948799	0.596162571
C85	50.15461433	47	2.735539472	0.871787903
C86	26.87879457	23	2.26596602	0.81585397
C87	48.75	28	2.138762983	0.804471357
C88	31.52715816	23	2.046391606	0.770807499
C89	28.21062477	21.5	2.422314067	0.836255029
C90	42.31034483	40.5	2.344299385	0.840277067
C91	17.7414966	16.5	1.734755466	0.653413529
C92	28.85458501	29.33333333	2.658086713	0.87469679
C93	37.24326599	29	2.537849662	0.863739551
C94	16.04620038	12.6	2.028404093	0.786727642
C95	28.71167294	26.33333333	1.987878317	0.754139345
C96	30.07813411	28	1.567461008	0.592127113
C97	14.88375	14	2.036861287	0.752970823
C98	26.55801389	45	2.379228634	0.83329696
C99	74.56155821	58	2.426302391	0.848143877
C100	80.375	50	1.844429035	0.739621365
C101	26.26570637	21	1.93964795	0.745419525
C102	29.78071834	23.6	2.359716931	0.840007496
C103	33.7409668	35	2.224002382	0.785991587
C104	38.13888889	30	2.077595745	0.762387192
C105	43.23070558	36.14285714	2.409403737	0.7608687
C106	43.04252401	49	2.440857582	0.818266486
C107	66.29676832	45.75	2.341168231	0.814097504
C108	53.77373737	55.33333333	2.783454167	0.886306925
C109	22.62114198	22	2.038511411	0.751864686
C110	32.55555556	39.5	1.860320531	0.686922449
C111	38.54713805	33	2.073009025	0.736009153
C112	29.67206478	43	2.178776577	0.787955355
C113	23.16358025	26.5	2.019891507	0.704940461
C114	40.55383791	41.5	2.305404235	0.788946869
C115	43.64862703	38.5	1.80054099	0.688139149
C116	19.54318418	17	1.812827348	0.63492974
C117	24.49560976	26.5	2.409429948	0.84368874
C118	19.86315452	19.33333333	2.514411349	0.878750048
C119	22.15346154	19.2	1.489608784	0.500702464
C120	58.6661157	113	2.464118575	0.85097992
C121	30.42857143	28	2.05868791	0.739353235
C122	31.80165289	25	2.413019068	0.86014312
C123	13.03365385	12	1.808157661	0.730431275
C124	13.01243077	12.33333333	2.105649544	0.801953809
C125	39.41540643	40.5	2.361121136	0.845382092
C126	20.2681359	18.75	1.929591831	0.744839876
C127	15.44444444	13	1.56686193	0.628318074
C128	28.7696	30	2.050182943	0.74220192
C129	32.43353558	41.5	2.248875955	0.795551905
C130	22.93704973	20	2.390679257	0.855163433
C131	33.08994083	41	1.580099539	0.633927329
C132	50.58385236	54	2.487030118	0.829829351
C133	23.02845528	22	2.270192936	0.798581873
C134	56.20860764	42.5	2.704352883	0.88499363
C135	37.59340659	61	1.649604878	0.600862826
C136	18.03822004	18	2.159749928	0.79132091
C137	18.88235294	17.85714286	1.921056204	0.650243048
C138	22.7010059	22.5	2.154841399	0.807390057
C139	NA	24	1.622675705	0.695431517
C140	89.996633	76.5	2.678710477	0.828095132
C141	15.63636364	14	1.412959193	0.597734539
C142	32.22767857	26.2	2.05285122	0.742327298
C143	36.44360352	29	2.153498975	0.792252723
C144	11.9158918	13	1.958482268	0.772806255
C145	28.55127422	31	2.168896973	0.752766215
C146	41.92438563	39.5	2.075045872	0.759920615
C147	20.4817898	20.5	1.609087447	0.615261682
C148	16.75	14.5	1.77408884	0.641913482
C149	22.19282979	15	1.459691217	0.672554483
C150	15.47064901	14	1.705633422	0.666247449
C151	76.26558025	55	2.513739872	0.826405195
C152	21.79434851	20.5	1.776596428	0.734299522
C153	53.77009579	48	2.793581825	0.876452491
C154	31.45321735	22.66666667	2.088448292	0.723768195
C155	17.43249428	16	1.890511358	0.696844763
C156	24.46843307	23.75	2.616594132	0.879360825
C157	31.05288532	30	2.10189862	0.729585985
C158	22.14268728	19.75	2.078230017	0.759334579
C159	45.84592593	59	2.091324813	0.709454441
C160	48.61490683	32	2.046788607	0.783364917
C161	15.30798288	15	2.102665714	0.797529286
C162	33.27218935	25	2.235553936	0.787559375
C163	8.894444444	7.5	1.22454511	0.555546569
C164	73.37557392	91	1.965846811	0.694991962
C165	37.36	23.33333333	1.663223683	0.668255151
C166	38.16427778	34.75	2.506960406	0.838948391
C167	47.25781417	38.66666667	3.157428424	0.929943059
C168	50.94214876	45.75	2.142108098	0.746591498
C169	23.76621575	21	2.222425054	0.783811453
C170	36.22578134	34.75	2.094941415	0.734396812
C171	34.1292509	63	2.091809437	0.731532233
C172	38.76658163	33	2.544199918	0.865424031
C173	26.39134615	35	2.355550868	0.83820276
C174	59.76470588	67.5	2.519583911	0.855695002
C175	31.22530612	28	2.319737904	0.787217864
C176	43.04637337	38.33333333	2.357826529	0.796672302
C177	37.23015123	28	2.192606012	0.734177466
C178	21.4347279	28	2.032240275	0.748499162
C179	23.84172289	25.5	2.179431215	0.766376707
C180	26.0995122	22.2	2.446373932	0.83998727
C181	12.82445759	12.25	1.839327377	0.67026824
C182	26.37962963	24.5	1.934484192	0.747712063
C183	34.48323061	27	2.583204037	0.865234415
C184	40.87130435	28	1.96269665	0.753623062
C185	31.33938248	25	2.362909616	0.867448503
C186	34.74631579	30	2.224336117	0.804561536
C187	28.58686103	31	1.88414622	0.678540559
C188	45.51952909	62	2.618527542	0.854356982
C189	26.65738076	24	2.325804101	0.838652222
C190	26.91654321	23.33333333	1.320723261	0.47589036
C191	72.59766764	43	2.103259415	0.755893317
C192	43.14049587	40	1.638067543	0.64671218
C193	40.91695502	39.5	2.632241221	0.862501701
C194	9.713956171	9	1.401580707	0.569640646
C195	21.18117451	23.5	2.392416447	0.820091653
D1	39.53	34	2.043247913	0.820089009
D2	48.06755424	32.75	2.145553724	0.797310208
D3	87	92.33333333	2.652082115	0.859603301
D4	30.5	22.5	1.651931313	0.652036828
D5	46.29463415	86	2.217490435	0.791654023
D6	39.88888889	31	1.887735327	0.68540536
D7	26.22951389	34	1.93163371	0.699522582
D8	15.84478096	16	1.974571951	0.725648753
D9	41.4875	38.5	1.915377386	0.695897064
D10	110.9693714	76	2.460747046	0.821432008
D11	111.377551	44	2.17760864	0.774741987
D12	15.55905314	13	1.624295974	0.609315863
D13	17.56114398	18	2.018978287	0.776997941
D14	8.3	8	1.358488155	0.570656886
D15	84.4640999	160	2.432478562	0.828325077
D16	22.25	20.5	2.054662668	0.80621665
D17	44.68680143	37.5	2.33181745	0.796623324
D18	31.43636364	29	2.200537258	0.807954723
D19	49.21039095	61	2.58422319	0.855186733
D20	43.67887524	32	1.937092372	0.732252138
D21	41.88080181	61	2.394219758	0.833528452
D22	14.41333333	13	1.588171042	0.685647053
D23	20.16815476	16	1.798576812	0.66194017
D24	30.06122449	18.5	1.587532985	0.646279531
D25	58.28571429	35.2	2.590596802	0.862510854
D26	20.92953201	29	2.097596482	0.809711352
D27	29.96203132	29.2	2.524306856	0.835478973
D28	29.29083155	28.5	3.0654902	0.930686977
D29	15.85714286	10	1.405935027	0.663505248
D30	33.26984127	17.5	1.191835765	0.484461144
D31	21.8	13	1.041623583	0.454812276
D32	55.66666667	50	1.933505174	0.713372949
D33	26.35121951	22.25	2.128935579	0.772631519
D34	17.16689529	13.5	1.846801363	0.704625474
D35	27.52173913	22.6	2.12168164	0.738229092
D36	40.10351563	29	2.23017319	0.801519573
D37	69.99901137	53	2.459809522	0.863255005
D38	16.47358025	14	1.914011297	0.768288756
D39	14.2	12.75	1.872567478	0.717903557
D40	82.48832	48	2.137338575	0.69187702
D41	43.71692308	33	2.058792445	0.811515109
D42	32.48573714	30.25	2.082927885	0.737419244
D43	33.96172731	29	2.349479273	0.840794804
D44	23.9627143	24.5	1.876311187	0.747297693
D45	19.09953932	18.33333333	2.284267357	0.793539876
D46	25.72487805	22.2	2.376802395	0.829534916
D47	10.472871	9.333333333	1.474949119	0.619816624
D48	42.58914729	47.5	2.283020734	0.800699261
D49	20.51020408	17	1.666966548	0.73929276
D50	26.4298541	21.5	2.295799598	0.841006015
D51	26.5825	19.25	1.385520218	0.49387591
D52	35.53043478	33	1.857381098	0.687526086
D53	59.29340278	46	2.298991737	0.815514253
D54	15.456	15	1.741297071	0.668843333
D55	23.32738517	20	1.943207056	0.688839506
D56	35.06652047	33.25	2.353077622	0.807907264
D57	20.6531541	16.33333333	2.066381437	0.807286236
D58	18.64	17	1.491895696	0.606896272
D59	33.81060606	34	2.112675934	0.719515093
D60	53.15	43.125	3.030319429	0.912910769
D61	16.17840685	12.5	1.558562347	0.591034979
D62	23.83179012	24	2.186316042	0.799465684
D63	24.79167658	22	1.717808816	0.610169994
D64	8.519019442	6.5	0.890125444	0.339719072
D65	31.42824889	25	2.241258119	0.813405504
D66	44.353	34.75	2.190715395	0.806218896
D67	26.60869565	30	2.145504598	0.814033842
D68	29.56207897	25	2.199261631	0.771122329
D69	19.51020408	16	1.253747247	0.523982555
D70	10.94117647	10.25	1.549876322	0.612236252
D71	35.29604753	35	3.211848362	0.943382326
D72	14.94557823	12.5	1.330712526	0.486847011
D73	33.52554017	19.25	1.916837148	0.734836686
D74	16.01119674	16	2.041168283	0.804822647
D75	23.4	15	1.147697048	0.406503477
