name	man-health	man-HUA	woman-health	woman-HUA
Alloprevotella	0.017651297	0.018297024	0.014269641	0.011785067
Anaerocolumna	0.031482865	0.026259405	0.03658841	0.0299496
Bacteroides	0.339395838	0.323198452	0.318353026	0.343504267
Dorea	0.048789027	0.049049464	0.047459128	0.049128533
Escherichia-Shigella	0.04216173	0.03876256	0.037229487	0.027176133
Faecalibacterium	0.11338	0.109746726	0.133418615	0.1287992
Fusobacterium	0.01679373	0.024219583	0.007562462	0.011282533
Parabacteroides	0.017005297	0.012622798	0.017731897	0.020053467
Parasutterella	0.01441227	0.016233571	0.01385759	0.018346667
Prevotella	0.143758	0.159268274	0.133323692	0.146364267
Others	0.215169946	0.222342143	0.240206051	0.213610267
