	E2	LH	FSH	PRL	TSTO	PROG
A1	36.11	4.58	8.84	6.22	4.19	0.056
A10	25.24	8	10.22	10.44	4.63	0.058
A100	50.7	5.19	2.76	17.9	4.71	0.05
A101	25.9	4.62	6.38	7.73	4.07	0.05
A102	31.3	2.93	3.97	14.8	3.02	0.05
A103	48.8	4.12	3.21	18	5.32	0.115
A104	24.5	6.01	6.17	7.27	4.92	0.098
A105	45.8	11	23.5	18.5	4.65	0.445
A106	18.1	11	29.8	31.3	2.88	0.05
A107	60.5	2.34	4.03	19.5	4.83	0.162
A108	42.4	5.42	3.51	14.9	2.48	0.127
A109	38.2	2.67	2.65	13.6	4.11	0.338
A11	32.8	6.11	11.1	11.1	5.99	0.193
A110	50.9	5.81	3.79	13	4.15	0.147
A111	16.2	5.81	7.1	57.5	2.28	0.066
A112	17.9	6.46	4.7	6.67	3.4	0.05
A113	52.2	3.25	5.28	27.7	5.46	0.234
A114	155	2.31	2.47	4.77	6.89	1.32
A115	47.8	3.62	4.72	8.52	5.11	0.05
A116	26.3	6.7	7.33	31.6	3.66	0.214
A117	37.3	3.87	11.1	12.3	3.58	0.05
A118	21	10.3	20.4	2.94	3.56	0.091
A119	37	6.4	14.6	6.66	4.58	0.059
A12	26.1	5.7	4.35	15.4	6.76	0.05
A120	37	8.32	8.49	10.6	4.72	0.165
A121	22.5	2.39	6.02	11.9	2.8	0.212
A122	27.1	4.71	12.1	8.86	6.03	0.189
A123	23.97	5.28	1.69	24.38	4.31	0.106
A124	26.4	5.37	9.41	11.9	3.32	0.399
A125	26.7	6.1	3.43	4.99	3.56	0.126
A126	33.6	3.84	3.07	7.76	6.89	0.106
A127	30.4	2.91	4	19.2	2.95	0.104
A128	38.1	6	12.4	14.2	3.44	0.104
A129	22.7	7.67	6.9	7	5.03	0.05
A13	37.3	4.56	3.25	13.1	4.4	0.05
A130	34.8	2.52	3.77	13.4	3.34	0.252
A131	33.4	2.91	8.98	8.18	2.13	0.05
A132	40.2	4.14	5.8	13.9	3.8	0.099
A133	26.1	5.99	5.55	8.76	3.64	0.05
A134	23.3	3.41	5.34	17.9	2.72	0.051
A135	25	9.05	6.42	11.1	2.11	0.824
A136	23.1	3.88	8.63	10.2	3.43	0.1
A137	23.4	2.82	9.43	10.7	4.37	0.05
A138	30.7	7.39	3.87	21.8	3.15	0.119
A139	33.7	7.1	13	12.9	4.97	0.058
A14	25.76	5.6	8.85	9.71	3.12	0.05
A140	40.1	5.56	6.38	6.66	5.66	0.075
A141	33.7	9.98	19.2	14.2	4.09	0.192
A142	40.5	7.73	13.5	11.4	4.24	0.092
A143	40.8	6.73	5.81	12.7	5.38	0.214
A144	46.1	3.88	3.32	10.5	4.59	0.142
A145	22.9	6.17	9.49	11.5	6.93	0.134
A146	31.5	5.45	9.49	6.32	4.8	0.154
A147	37.5	15.1	14.7	10	5.7	0.197
A148	31.1	8.62	10.1	7.66	4.26	0.255
A149	35.8	2.33	5.98	15.92	3.69	0.05
A15	31.42	11.62	18.01	13.14	4.99	0.05
A150	38.5	7.27	5.94	15.4	4.5	0.18
A151	24.9	3.35	5.36	17.8	2.36	0.05
A152	42	12.2	25.3	2.48	8.29	0.08
A153	21.6	4.36	8.48	13.8	2.68	0.05
A154	26.6	7.46	5.73	14.9	3.86	0.094
A155	27.2	5.46	6.34	14.1	3.39	0.139
A156	50.5	4.5	2.91	8.41	4.13	0.145
A157						
A158	41.2	5.37	9.91	21.4	5.38	0.342
A159	76.5	8.72	11.8	11.6	4.16	0.145
A16	39.1	5.19	4.61	6.84	6.54	0.153
A160	2.8	4.08	15.6	1.53	1.53	1.65
A161	15.2	4.29	7.16	9.13	3.49	0.22
A162	35.4	7.34	14.6	11.8	4.81	0.098
A163	32.1	1.77	7.21	11.9	3.24	0.05
A164	51.8	4.07	3.32	14.3	4.67	0.087
A165	57.6	4.6	3.36	12.8	6.54	0.21
A166	32	5.93	4.92	7.86	4.78	0.116
A167	26.1	5.26	11	7.84	3.31	0.155
A168						
A169	31.7	3.67	3.97	11.8	3.06	0.083
A17	24.3	6.45	4.1	9.82	3.08	0.163
A170	46.6	5.07	6.1	4.62	4.26	0.05
A171	33.2	10	7.26	11.6	5.28	0.215
A172	23.01	4.52	5.94	4.63	4.2	0.05
A173	29.9	8.02	17.6	11.9	2.22	0.088
A174	34.2	4.83	7.48	9.66	4.37	0.05
A175	10.98	4.47	12.15	9.45	3.68	0.187
A176	41.4	11.1	12.6	4.86	5.77	0.085
A177	25.2	1.69	3.67	8.96	4.55	0.173
A178	34.7	3.1	3.39	9.28	6.12	0.461
A179	29.8	4.97	5.6	13	5.16	0.169
A18	30	3.62	5.66	22.5	6.12	0.102
A180	19.2	5.15	2.81	13.4	3.62	0.05
A181	32.9	8.09	10.9	14.4	3.19	0.178
A182	38.1	6.86	9.88	17	2.34	0.149
A183	21.5	5.76	4.58	10.3	5.13	0.05
A184	33.1	5.23	5.69	16	5.69	0.05
A185	4.5	3.72	13.4	2.74	2.74	6.33
A19	38.1	5.94	4.51	30.78	3.84	0.079
A2	27.6	7.13	7.46	18.8	2.9	0.082
A20	44.58	9.87	7.77	17.26	6.28	0.05
A21	30.67	7.97	14.66	15.6	3.36	0.05
A22	32.63	3.94	4.03	13.43	4.62	0.05
A23	41.37	11.6	13.36	11.91	7.53	0.054
A24	24.7	2.49	4.85	11.83	2.37	0.05
A25	25.76	6.82	13.21	20.51	3.7	0.05
A26	27.7	2.85	5.38	12.2	3.24	0.146
A27	24.83	6.73	15.65	8.59	7.34	0.05
A28	21.02	6.87	7.42	7.59	5.44	0.05
A29	31	5.35	4.82	13.97	6.35	0.172
A3	17.38	5.06	9.54	11.3	2.65	0.05
A30	15.9	6.04	4.98	12.4	2.6	0.05
A31	41.4	3.96	2.95	14.3	5.13	0.05
A32	38.38	4.19	4.38	5.83	4.14	0.05
A33	31.2	5.59	5	12.3	3.83	0.107
A34	42.39	3.73	1.94	14.92	4.43	0.131
A35	42.23	4.86	4.69	15.52	5.2	0.05
A36	32.88	3.98	4.3	6.39	2.73	0.05
A37	41.89	4.75	3.43	7.56	5.34	0.106
A38	43.13	3.92	1.56	8.96	3.38	0.05
A39	32.97	7.01	7.27	12.57	6.91	0.05
A4	30.89	5.2	7.07	10.57	3.56	0.05
A40	33.3	9.74	11.3	13.4	3.26	0.05
A41	23.7	10.1	13	8.68	4.01	0.266
A42	35.82	9.39	5.48	14.14	6.73	0.058
A43	16.74	2.72	3.9	9.56	2.91	0.05
A44	28.7	5.65	5.69	21.2	2.83	0.336
A45	30.91	3.32	6.99	10.05	4.37	0.05
A46	28.42	8.53	7.6	5.47	5.15	0.031
A47	24.95	2.68	2.23	7.67	3.22	0.05
A48	33	17.2	14.3	12.1	3.64	0.052
A49	48.4	6.05	7.52	15.6	8.37	0.137
A5	20.89	4.81	9.23	21.37	5.41	0.05
A50	45.15	11.03	9.34	6.35	8.48	0.088
A51	15.34	3.15	3.16	17.31	2.14	0.05
A52	30.1	6.11	9	4.95	6.47	0.05
A53	37.43	7.74	11.22	12.38	3.37	0.05
A54	12.27	10.56	14.93	13.75	3.15	0.093
A55	13.22	8.87	11.95	6.12	3.97	0.317
A56	29.88	12.63	22.27	9.26	1.46	0.05
A57	27.95	5.35	6.19	6.73	3.89	0.05
A58	34.36	10.5	23.3	5.75	2.58	0.05
A59	36.12	14.38	13.08	18	4.46	0.05
A6	31	8.31	14.8	12	3.03	0.187
A60	19.64	2.51	3.15	27.61	2.42	0.08
A61	23.2	3.46	8.43	9.13	3	0.13
A62	15.1	2.54	8.09	7.82	3.61	0.152
A63	35.5	4.87	6.64	11.1	5.55	0.137
A64	25.5	7.71	10.1	13.2	5	0.05
A65	21.8				3.79	0.084
A66	42.6	5.31	6.22	7.68	7.82	0.112
A67	28	14.5	27.8	26.7	3.08	0.093
A68	36.8	2.56	6.9	11.7	4.15	0.05
A69	34	7.54	7.1	11.9	5.8	0.211
A7	21.05	13.32	28.47	5.76	2.4	0.05
A70	31.8	3.96	5.5	11.2	3.66	0.05
A71	40.9	5.41	8.41	7.77	5.64	0.131
A72	43	4.78	2.12	10.9	3.86	0.256
A73	36.6	10.2	7.36	7.9	3.44	0.096
A74	29.3	4.7	2.77	11	2.78	0.567
A75						
A76	28.1	4.77	5.47	7.65	4.82	0.05
A77	30.2	6.98	6.95	6.04	5.47	0.05
A78	32.2	3.48	5.95	9.22	4.14	0.05
A79	39.3	7.09	8.98	8.58	2.27	0.084
A8	30.5	6.53	12.9	7.84	5.74	0.233
A80	28.2	14.8	23.3	10.9	6.42	0.05
A81	34.2	2.02	2.6	4.8	6.03	0.05
A82	44	6.65	16	2.33	4.64	0.071
A83	30.4	7.48	22.2	11.5	5.6	0.22
A84	29.5	2.83	6.35	15.9	1.64	0.104
A85	32.4	5.01	5.56	10.3	3.75	0.072
A86	41.4	5.2	4.33	9.47	4.54	0.069
A87	30.2	8.5	12.7	8.86	4.83	0.072
A88	21.3	8.79	10.5	8	5.68	0.07
A89	54.32	5.2	3.61	6.62	7.49	0.068
A9	37.92	6.29	4.28	9.11	2.85	0.05
A90	33.5	7.91	4.9	7.3	6.5	0.05
A91	28.8	4.5	4.5		2.93	0.112
A92	25.7	7.64	13	15.1	5.61	0.107
A93	23.1	1.76	2.43	8.06	2.03	0.05
A94	26	3.39	3.56	3.64	4.83	0.156
A95	42.7	4.21	6.52	12.4	7.18	0.05
A96	21.7	3.15	6.77	8.78	3.43	0.05
A97	33.3	5.25	5.1	12.2	2.76	0.176
A98	35.4	4.58	1.63	11	5.91	0.108
A99	40.5	3.29	9.1	20.5	4.83	0.284
B1	39.42	1.5	1.94	17.54	4.47	0.05
B10	28.6	5.02	8.54	9.92	3.12	0.05
B100	27.2	6.6	6.27	41.4	3.52	0.279
B101	27.3	5.07	7.2	11.5	4.57	0.084
B102	35.2	8.49	15.3	3.5	2.97	0.147
B103	32.6	6.28	7.84	9.43	1.94	0.05
B104	32.5	5.69	4.92	9.6	2.76	0.291
B105	34.1	4.79	4.15	12.1	3.35	0.05
B106	21.4	1.6	1.86	12.2	1.66	0.115
B107	52	8.04	10.4	15.6	6.67	0.186
B108	32.2	3.36	5.33	5.97	5.64	0.129
B109	46.2	3.63	3.42	8.4	3.55	0.172
B11	41.63	3.99	2.67	19.25	4.05	0.074
B110	6.2	8.73	5.8	11	1.76	0.141
B111	40.6	3.98	4.72	28.4	2.15	0.29
B112	34.9	5.21	6.18	10.1	2.94	0.05
B113	44.9	4.35	4.76	8.51	3.88	0.05
B114	27.6	3.68	6.9	6.65	3.28	0.189
B115	32	3.51	7.15	17.7	4.73	0.05
B116	12.16	2.05	4.68	7.66	2.91	0.05
B117	32.8	3.85	7.39	8	4.3	0.05
B118	26.6	3.77	5.08	6.6	4.72	0.05
B119	39.2	3.94	8.13	13.7	3.9	0.111
B12	37.41	7.49	4.26	6.54	4.21	0.05
B120	19.6	3.89	3.56	13.02	3.33	0.059
B121	69.9	4.57	3.08	10.1	4.48	0.05
B122	23.8	4.16	9.37	6.17	2.23	0.05
B123	21.32	5.38	5.55	9.08	3.62	0.05
B124	41.4	6.98	7.1	14.3	4.59	0.05
B125	43.2	6.36	7.68	14.1	6.62	0.094
B126	26.3	3.56	5.03	12.6	1.9	0.184
B127	47	9.26	9.71	8.37	5.82	0.131
B128	29.9	5.03	4.09	9.17	3.72	0.103
B129	28	6.89	10.4	7	5.01	0.11
B13	35.3	4.17	4.55	14.6	4.5	0.05
B130	42.1	1.43	1.24	17.2	1.11	0.136
B131	40.6	4.01	4.66	7.07	5.32	0.05
B132	28.7	5.29	5.43	17.9	5.07	0.118
B133	43	3.31	3.34	20.9	3.04	0.151
B134	29.8	7.22	5.63	7.23	5.05	0.143
B135	24.9	2.41	2.99	12.9	2.75	0.158
B136	23	4.86	4.36	19.2	2.35	0.07
B137	46.4	3.88	2.03	12.3	2.01	0.174
B138	31	6.12	8.84	4.8	3.42	0.05
B139	61.7	2.85	3.04	9.52	4.15	0.05
B14	26	4.51	4.51	11.77	3.21	0.05
B140	31.3	4.51	6.08	8.89	2.65	0.328
B141	27.4	3.83	9.47	8.76	5.01	0.08
B142	28.6	2.23	1.94	10.8	2.67	0.197
B143	39.4	2.96	2.8	10.9	2.84	0.102
B144	54.9	4.37	2.48	11.9	4.73	0.165
B145	29.1	1.43	3.06	9.79	2.23	0.122
B146	34.7	8.23	16.7	13.2	4.41	0.148
B147	28.7	2.88	4.05	7.09	4.81	0.18
B148	37.9	5.76	11.8	7.83	6.39	0.085
B149	26.1	3.74	5.35	13.4	2.06	0.111
B15	48.2	6.68	8.64	11.2	8.2	0.301
B150	50	3.22	4.62	8.16	4.59	0.199
B151	24.1	4.05	4.64	8.39	4.06	0.159
B152	19.8	8.98	11.9	13.7	4.23	0.05
B153	25.1	6.66	4.7	14.9	2.36	0.05
B154	37.2	6.13	7.06	13.9	4.7	0.088
B155	15.08	6.22	4.58	7.08	4.95	0.05
B156	32.7	3.79	4.21	12.4	3.01	0.125
B157	45.6	9.53	4.55	9.14	5.84	0.161
B158	25.6	5.06	5.49	11.8	2.86	0.05
B159	42.1	5.2	7.33	9.11	4.21	0.05
B16	59.34	4.06	4.3	16.6	4.1	0.05
B160	21.7	3.27	4.45	9.73	2.39	0.05
B161	19	5.12	7.55	9.04	1.6	0.108
B162	38	3.64	3.36	10.2	4.15	0.215
B163	49.2	4.53	2.43	14.4	4.39	0.25
B164	27.6	4.34	4.04	9.87	3.24	0.175
B165	19	4.42	8.61	6.76	3.22	0.153
B166	43.7	3.47	3.88	9.74	2.52	0.143
B167	17.8	11.7	12.4	8.58	2.21	0.05
B168	20.5	2.42	4.8	8.87	3.38	0.109
B17	41.81	5.52	4.88	21.45	5.08	0.079
B18	23.97	5.08	9.6	6.14	1.72	0.05
B19	35.03	3.21	7.1	27.25	3.63	0.025
B2						
B20	42.77	6.02	7.6	12.09	5.32	0.05
B21	37.44	3.93	10.27	13.23	4.19	0.089
B22	41.4	5.87	4.56	7.4	5.44	0.05
B23	32.32	4.37	6.44	8.23	7.14	0.05
B24	42.06	4.25	2.9	6.31	6.8	0.05
B25	29.8	8.12	16.3	8.42	4.71	0.05
B26	30.57	3.43	4.49	10.01	3.43	0.05
B27	41.8	8.37	7.51	13.9	3.61	0.121
B28	35.38	4.36	3.31	8.39	5.56	0.05
B29	35.99	8.25	9.84	6.1	4.6	0.05
B3	31.3	8.63	12.62	15.16	4.06	0.05
B30	44.31	5.79	4.77	6.82	4.95	0.05
B31	102.6	4.33	4.03	12.49	6.81	0.05
B32	26.95	4.71	5.64	17.8	4.87	0.065
B33	32.6	5.69	6.08	18.62	4.44	0.05
B34	36.29	8.67	18.22	6.77	4.64	0.05
B35	32	6.45	2.8	13.2	5.52	0.1
B36	18.63	4.79	3.76	8.8	1.83	0.05
B37	24.44	2.15	2.99	7.67	3.76	0.05
B38	43.3	4.57	2.87	23.6	4.75	0.235
B39	33.7	6.02	7.83	4.98	5.48	0.365
B4	34.2	19.1	23	7.95	3.29	0.05
B40	29.8	4.08	6.07	13.6	4.4	0.197
B41	21.7	5.83	11.2	10.2	2.77	0.05
B42	24.23	2.61	3.87	11.85	1.68	0.05
B43	22.86	9.52	21.88	16.19	5.05	0.448
B44	21.73	4.77	10.25	10.51	3.1	0.05
B45	40.23	6.78	7.15	10.04	3.78	0.05
B46	24.76	4.81	6.16	8.51	4.76	0.05
B47	30.55	5.96	6.54	16.47	3.94	0.102
B48	31.06	6.02	8.42	9.67	4.67	0.05
B49	36.5	4.14	3.28	9.02	3.79	0.102
B5	33.37	2.96	3.32	7.42	4.4	0.056
B50	32.6	2.86	2.2	11.2	8.1	0.084
B51	31.9	9.73	9.15	13.3	5.04	0.175
B52	31.8	6.61	7.36	5.39	6	0.229
B53	32.7	6.36	8.09	13.9	4.75	0.069
B54	40.31	4.57	4.73	14.72	4.44	0.05
B55	31.58	3.2	2.25	15.36	0.762	0.05
B56	28.4	4.65	8.34	14.94	4.32	0.05
B57	44.13	12.42	10.71	7.31	5.48	0.05
B58	38.8	5	1.8	6.34	3.99	0.165
B59	38.3	1.75	2.06	8.62	1.95	0.05
B6	50.22	9.02	19.95	13.39	5.12	0.05
B60	33.7	3.61	1.75	9.8	2.6	0.087
B61	27.92	6.74	6.22	6.09	2.26	0.05
B62	28	6.88	7.57	14.2	4.84	0.111
B63	24.4	6.81	10.3	8.23	2.02	0.05
B64	42.4	6.26	7.88	11.5	4.09	0.08
B65	32.1	3.89	4.79	8.03	3.25	0.05
B66	35.7	4.84	4.36	11.3	4.44	0.073
B67	45.4	4.98	2.38	13.6	5.52	0.124
B68	28.7	2.29	2.14	10.43	1.75	0.141
B69	25.4	4.42	7.29	23.9	3.49	0.05
B7	54.49	7.23	7.61	9.01	7.95	0.05
B70	38.7	3.57	3.47	12.2	1.88	0.09
B71	53.7	2.61	2.04	12.5	3.54	0.17
B72	22.2	8.46	6.65	7.19	3.06	0.128
B73	33.8	8.01	8.9	10.5	3.62	0.05
B74	42.5	2.6	2.64	7.09	4.61	0.161
B75	53.4	6.21	4.87	12.4	7.11	0.264
B76	32.5	5.51	3.4	7.21	3.47	0.113
B77	32.06	3.79	3.55	12.97	2.98	0.388
B78	26.6	3	4		3.22	0.109
B79	21.8	4.29	3.09	3.9	3.58	0.401
B8	14.8	5.1	4.77	15.1	2.62	0.134
B80	26.3	2.72	8.18	16.3	2.84	0.098
B81	25.8	4.08	16.7	11.4	3.06	0.054
B82	31.3	3.93	3.44	12.9	3.14	0.157
B83	22.2	3.63	5.34	10.2	3.27	0.074
B84	29.1	5.59	6.66	13.4	3.37	0.136
B85	41	5.27	3.24	11	6.33	0.129
B86	31.3	4.43	3.36	24	4.14	0.271
B87	64.3	7.51	3.11	20.6	5.85	0.244
B88	23.3	4.25	4.71	6.04	3.62	0.272
B89	30.7	2.99	7.37	23.6	4.58	0.129
B9	35.46	4.75	6.75	12.32	3.88	0.05
B90	22	8.24	11.7	8.7	5.12	0.05
B91	26	9.91	8.41	23.3	2.4	0.16
B92	23.2	3.04	4.34	10.2	2.43	0.071
B93	31.7	3.67	4.03	14.3	2.3	0.05
B94	21.8	9.43	9.8	13.9	6.67	0.258
B95	29	8.51	18.2	9.97	4.33	0.05
B96	26.9	8.01	5.08	10.7	2.75	0.05
B97						
B98	44.6	8.67	5.58	6.22	3.88	0.078
B99	37	3.01	6.76	11	4.85	0.237
C1	256	3.32	2.75	11.5	0.068	15.1
C10	521	12.3	6.45	10.3	0.216	0.27
C100	6.3	19.4	34.7	10.3	0.169	0.106
C101	149	3.93	1.81	11.8	0.092	10.5
C102	13.4	17	32.4	4.99	0.055	0.086
C103	42.6	4.82	5.03	29.5	0.301	0.94
C104	70	7.87	2.83	25.4	0.168	3.07
C105	177	5.74	4.48	13.3	0.218	3.4
C106	70.4	28.3	36.9	9.64	0.161	0.05
C107	338	28.1	12.3	15.3	0.231	0.221
C108	233					
C109	55.3	3.67	3.05	16	0.359	3.71
C11	7.72	19	29	10.4	0.108	0.05
C110	233					1.96
C111	505	23.5	4.99	35.8	0.189	0.274
C112	36.2	3.71	5.32	13.5	0.118	0.455
C113	176	8.38	2.83	18.9	0.253	16.6
C114	313	48	8.96	17.3	0.24	0.592
C115	95.4	16.7	14.6	18	0.136	0.097
C116	125.2	2.51	3.28	59.44	0.057	0.05
C117	147	6.52	4.33	12.67	0.025	27.9
C118	37.7	3.47	8.04	7.52	0.062	0.05
C119	12.1	16.34	29.4	8.06	0.231	0.095
C12	58.3	5.89	7.73	12.8	0.367	0.358
C120	129	3.7	5.7		0.212	0.05
C121	68	6.54	7.97	20.7	0.025	0.05
C122	232	43.3	9.31	13.7	0.064	1.17
C123	786	13.9	3.7	23.2	0.397	5.12
C124	191	13.1	5.33	36.7	0.317	0.31
C125	5	17	30	3.6	0.111	0.05
C126	131	1.65	2.36	11.4	0.15	13
C127	189	3.79	1.9	13.8	0.317	12.3
C128	247	15.7	3.7	68.6	0.343	13.8
C129	319	33.9	8.76	23.9	0.405	1.01
C13	45.33	3.89	7.78	25.08	0.124	0.158
C130	12.2	14.25	36.6	6.99	0.22	0.249
C131	39.8	13.2	6.1	11.5	0.153	0.05
C132	24.5	32.2	57.2	9.71	0.201	0.167
C133	65.6	3.14	4.35	28.4	0.171	2.11
C134	69.14	10.45	5.39	9.98	0.159	2.32
C135	127	19.6	8.38	21.3	0.333	0.747
C136	88.8	2.36	2	29.6	0.025	5.04
C137	107	10.15	8.11	24	0.21	8.62
C138	61.8	2.95	5.26	10.4	0.272	3.53
C139	21.2	19.3	43.1	20.1	0.025	0.061
C14	126	4.47	3.18	11	0.151	15.6
C140	306	48	6.49	26.6	0.277	0.573
C141	37.8	2.6	4.48	24.4	0.154	1.19
C142	5	19.5	30.3	6.03	0.294	0.331
C143	72	3.46	6.65	11.1	0.077	0.05
C144	55.4	15.8	19.6	17.8	0.245	0.05
C145	23.3	3.12	9.98	13.4	0.137	0.226
C146	14.2	4.91	6.7	8.72	0.072	0.472
C147	29.6	3.96	5.15	5.49	0.025	0.274
C148	33.8	29.7	57.9	9.6	0.17	0.264
C149	219	39.3	8.25	19.9	0.189	0.154
C15	5	17.9	37.3	8.64	0.209	0.055
C150	8.8	20	37.5	10.4	0.259	0.05
C151	114	3.18	6.11	16.9	0.155	0.069
C152	94.4	2.39	4.83	21	0.025	15
C153	7.4	23.4	38.6	8.17	0.025	0.05
C154	134	2.59	4.68	10.2	0.269	6.4
C155	38.6	26.8	37	8.76	0.61	0.055
C156	154	11.9	4.17	15.8	0.294	0.343
C157	15.3	3.44	7.15	7.64	0.061	0.05
C158	30.5	2.05	1.97	9.02	0.025	0.05
C159	73.9	9.45	7.82	27.3	0.208	3.32
C16	36.03	14.3	20	5.59	0.199	0.073
C160	37.8	5.32	6.88	22	0.359	0.205
C161	153	10.6	10.96	11	0.111	0.102
C162	4.59	6.43	8.47	0.025	0.91	1.27
C163	26	4.09	5.18	15.3	0.218	0.588
C164	13.6	6.06	23.9	12.6	0.057	0.05
C165	362	20.3	5.35	30.8	0.452	0.215
C166	247	24	17.9	13.3	0.15	0.199
C167	68.9	5.14	3.4	22.5	0.185	4.32
C168	112	3.78	1.11	19.1	0.216	7.61
C169	41.2	17.7	17.8	18.3	0.126	0.747
C17	37.5	6.6	6.81	16.7	0.234	0.362
C170	78	10.6	12	23.2	0.302	0.116
C171	20.5	29.8	53.9	5.81	0.153	0.056
C172	87.4	2.25	5.14	14.2	0.032	8.19
C173	36.6	0.336	1.16	123	0.281	0.915
C174	112	11.5	3.57	11.9	0.223	5.61
C175	109	8.74	3.55	13.6	0.102	10.4
C176	110	3.52	4.22	7.6	0.125	7.66
C177	181	45.9	13.5	21.9	0.133	0.8
C178	107	6.77	4.86	14.5	0.173	0.131
C179	73.4	8.31	9.43	27	0.119	0.881
C18	103	8.43	6.91	21.9	0.13	0.164
C180	148	7.8	3.32	36	0.327	3.86
C181	39.7	3.91	3.52	6.16	0.529	0.395
C182	164	4.9	5.02	12.3	0.169	0.05
C183	160	25.6	8.1	11.9	0.184	0.138
C184	8.8	17.5	37.2	2.89	0.077	0.119
C185	5	23.3	36.6	6.71	0.087	0.093
C186	35.7	40.6	60.9	13.4	0.324	0.108
C187	40.1	29.2	47.8	8.25	0.222	0.184
C188	170	8.88	4.61	19.3	0.072	0.05
C189	40.4	9.01	21.9	6.32	0.156	0.221
C19	5	22.9	39	17.3	0.14	0.111
C190	223	4.86	4.33	15.7	0.134	20.8
C191	40.4	7.19	7.39	26.5	0.227	0.196
C192	418	4.8	1.4	35.4	0.41	0.154
C193	270	6.49	5.94	13.97	0.192	0.054
C194	52.4	5.72	5.55	17.2	0.35	0.109
C195	248.8	22.23	5.55	11.98	0.053	0.05
C2	32.94	3.09	4.7	29.5	0.481	1.37
C20	14.1	2.7	4.52	13.3	0.141	1.37
C21	215	2.96	1.77	9.73	0.423	22.2
C22	103	6.41	9.25	17.8	0.052	6.46
C23	133	6.36	8.28	7.7	0.089	0.052
C24	27.2	3.09	6.72	10.4	0.087	0.05
C25	58.8	18.8	14.5	29.6	0.099	0.05
C26	112	8.69	16.4	10.9	0.158	0.05
C27	294	5.26	3.7	24.4	0.204	9.04
C28	78.16	18.67	19.27	15.04	0.192	8.62
C29	23.5	41.3	57.2	17.6	0.169	0.201
C3	38.91	12	5.88	14.81	0.258	0.05
C30	883	41.1	13.1	11.2	0.191	1.67
C31	17.8	31.8	37.4	6.78	0.103	0.05
C32	161	7.65	6.57	21.7	0.713	6.93
C33	259	18.5	14.5	8.1	0.13	0.375
C34	30.1	4.95	4.79	18.9	0.436	0.133
C35	5.9	15.1	27.6	20.4	0.098	0.05
C36	180.1	35.8	11.8	60.69	0.192	0.512
C37	24.5	50.9	69.5	7.58	0.07	0.05
C38	122	38.9	40.9	8.8	0.215	0.05
C39	38.7	5.37	5.31	18.8	0.294	0.256
C4	42.4	9.67	11.2	11.5	0.025	0.682
C40	5	12.5	29.6	8.84	0.03	0.165
C41	11.46	17.78	30.31	4.9	0.18	0.05
C42	137	4.77	3.39	36.39	0.22	12.52
C43	101	2.15	1.74	11.3	0.12	9.45
C44	56.2	12.3	5.52	19.2	0.309	0.083
C45	9.4	10.5	21.9	18.8	0.094	0.11
C46	123	9.05	8.5	7.41	0.108	0.05
C47	88.1	3.78	4.95	16.7	0.248	4.84
C48	93.02	7.88	2.7	18.17	0.21	9.37
C49	44.4	5.4	5.03	15.9	0.113	3.83
C5	110	3.36	2.55	10.1	0.214	5.07
C50	141	10.2	5.32	26.7	0.405	2.97
C51	15.6	21.5	30.9	3.65	0.197	0.05
C52	502	18	6.39	19.2	0.124	0.138
C53	174	4.53	3.01	8.44	0.27	11.2
C54	5	18.3	31.8	5.15	0.072	0.05
C55	40.6	6.07	7.63	19.2	0.041	0.516
C56	13.7	12.3	23.4	9	0.166	0.05
C57	166	16.7	9.7	19	0.046	0.93
C58	61.4	5.67	5.67	19.6	0.166	0.05
C59	63.55	5.61	8.52	19.82	0.125	2.19
C6	92.9	0.3	0.304	34.3	0.406	0.893
C60	150	3.43	3.38	18.5	0.166	18.3
C61	61.1	7.59	5.09	10.7	0.182	0.347
C62	15.09	13.9	32.4	11.64	0.025	0.05
C63	101.3	5.32	5.69	15.17	0.168	0.05
C64	366	52.8	12.3	63.8	0.607	1.07
C65	49.2	42	45.6	18.5	0.048	0.05
C66	403	19.1	5.02	16.8	0.344	0.156
C67	5	23.3	35.14	7.81	0.163	0.05
C68	17.9	10.9	25.8	9.9	0.025	0.227
C69	124	8.17	4.54	35.4	0.227	10.2
C7	43.5	2.8	4.96	16.6	0.153	1.73
C70	32.3	35.8	31.2	9.64	0.07	0.115
C71	55.1	7.56	9.42	21.9	0.245	0.214
C72	11.2	25.2	26	4.8	0.136	0.05
C73	62.4	29.9	54.3	14.3	0.141	0.097
C74	5	21.5	39.4	12.9	0.094	0.24
C75	98.8	5.87	2.23	51.8	0.33	4.54
C76	30.6	19.1	37.4	5.36	0.244	0.05
C77	57.5	7.15	5.57	21.8	0.26	0.272
C78	34.8	5.95	6.33	9.14	0.266	0.077
C79	93.3	3.89	4.11	13.3	0.156	12.2
C8	306	10.3	5.58	15.2	0.189	0.225
C80	83.4	11.6	6.09	7.52	0.241	0.051
C81	43.7	3.8	1.38	14.4	0.296	0.05
C82	103	4.8	1.55	7.16	0.146	14.2
C83	69.87	9.97	5.26	15.77	0.356	0.132
C84	94.61	5.09	6.71	9.81	0.205	3.25
C85	9.04	4.98	14.3	7.91	0.159	0.107
C86	116	7.47	5.32	7.71	0.078	0.168
C87	125	60.3	22	16.6	0.228	0.863
C88	215	12.8	8.89	12.8	0.252	0.206
C89	139	2.6	3.02	19.8	0.306	15.6
C9	33.4	26.7	49.5	13.3	0.389	0.05
C90	14.5	8.35	32.8	6.08	0.143	0.05
C91	5	8	22.1	7.98	0.08	0.172
C92	233					
C93	20.9	9.99	20.3	9.97	0.094	0.054
C94	43.8	26.5	38.6	11.5	0.223	0.243
C95	187	26.9	12.3	8.16	0.074	0.22
C96	229	2.69	1.71	17.6	0.354	5.95
C97	161	4.23	4.44	22.9	0.18	17.6
C98	115	3.84	2.75	7.81	0.17	10.7
C99	68.1	10.5	7.66	9.2	0.082	0.088
D1	54.4	11.3	5.36	12.2	0.422	0.12
D10	73.65	17.3	5.88	10.8	0.312	2.67
D11	32.1	4.22	5.3	11.8	0.384	0.064
D12	112	5.61	3.34	30.5	0.22	9.52
D13	233.2	22.51	5.44	27.92	0.458	0.002
D14	14.1	8.26	17.6	4.74	0.581	0.06
D15	6	16.6	31.3	8.27	0.265	0.127
D16	9.1	5.37	8.47	7	0.313	0.08
D17	83.4	18.1	13	23.9	0.406	0.786
D18	79.5	29.4	37.9	10.5	0.186	0.05
D19	33.4	2.42	5.02	8.64	0.313	0.05
D2	53.7	8.6	3.93	11.6	0.08	7.18
D20	32.96	12.83	6.98	16.75	0.439	0.123
D21	28	4.8	4.5	10.3	0.143	0.05
D22	35.58	3.38	5.12	17.67	0.254	0.253
D23	65.8	3.92	4.78	11.3	0.113	2.03
D24	13.3	13.5	22	5.1	0.231	0.126
D25	114	5.97	2.7	14.8	0.23	9.48
D26	157	12.1	4.77	13.1	0.248	0.05
D27	107	7.85	4.16	10.5	0.206	0.394
D28	142	2.97	4.95	22.9	0.13	0.079
D29	32.8	6.7	6.68	12.8	0.548	0.131
D3	6.42	23.9	29.3	11	0.226	0.05
D30	107	7.35	4.33	10.1	0.274	10.3
D31	111	3.77	5.03	9.75	0.38	0.055
D32	35.3	3.12	5.6	12.5	0.168	0.125
D33	186	9.64	3.4	17.7	0.216	0.05
D34	59.6	9.29	6.88	22	0.215	0.05
D35	25.8	22.2	23.7		0.193	0.172
D36	24.4	74.8	96.8	13.8	0.105	0.136
D37	106	8.55	4.69	12.6	0.551	0.258
D38	38.1	7.99	9.99	11.4	0.311	0.181
D39	12.4					
D4	16.5	20.5	27.9	11	0.114	0.05
D40	42.9	12.3	4.74	11.2	0.542	0.216
D41	150	5.53	3.5	16.2	0.153	0.239
D42	149	10.9	7.04	7.91	0.273	0.072
D43	26.2	3.67	6.25	9.33	0.31	0.171
D44	29.3	29.1	37.9	29.4	0.301	0.132
D45	24.8	37	50.5	16.7	0.171	0.158
D46	158	36	16.3	30.4	0.151	1.16
D47	42.4	3.86	3.13	25.9	0.087	0.05
D48	19	18.3	30.2	7.58	0.197	0.069
D49	174	4.01	2.92	37.2	0.128	17.6
D5	39.2	12.2	5.65	28.3	0.486	0.139
D50	52.8	3.02	6.66	19.8	0.369	0.116
D51	21.1	3.03	7.34	7.4	0.19	0.38
D52	31.7	2.86	5.53	17.7	0.138	0.18
D53	11.6	22	32.6	10.5	0.208	0.077
D54	72.3	12	5.21	29.3	0.3	0.05
D55	18.9	16.1	24.7	7.74	0.15	0.088
D56	10.5	12.7	32.7	9.41	0.105	0.064
D57	12.4					
D58	120	2.87	2.45	12	0.371	6.41
D59	102	5.41	4.31	22.2	0.368	10.8
D6	25.8	6.98	16.4	8.93	0.115	0.05
D60	131	1.38	2.04	19.5	0.234	0.347
D61	52.6	4.75	7.56	11.2	0.23	0.05
D62	282	17.6	5.94	24.3	0.632	0.388
D63	35.5	74.1	7.17	0.156	0.05	0.807
D64	50.5	2.16	4.59	23.9	0.418	0.309
D65	66.2	3.88	3.42	9.04	0.182	9.57
D66	385	16.1	7.08	11.4	0.426	0.306
D67	28.6	19.6	24.8	10.6	0.025	0.06
D68	210	21.9	6.84	11.2	0.598	0.133
D69	42	5	7.41	20.8	0.163	0.187
D7	166	10.8	2.71	18.2	0.43	10.5
D70	24.8	20.7	57.6	11.9	0.167	0.075
D71	5	21.6	27.2	6.36	0.134	0.144
D72	60.1	5.15	3.8	8.55	0.234	0.308
D73	26.7	4.07	8	8.98	0.067	0.575
D74	5	20.2	24.11	10.9	0.122	0.117
D75	71.2	9.76	12.9	13	0.159	0.32
D8	28.7	3	6.43	18.7	0.097	0.05
D9	20	27.96	43.45	5.06	0.387	0.05
